9 0.32968801259994507 0.4257810115814209 0.37187498807907104 0.16093799471855164
1 0.3789060115814209 0.32968801259994507 0.0703120008111 0.078125
1 0.35468700528144836 0.7406250238418579 0.11562500149011612 0.15937499701976776
7 0.607030987739563 0.33125001192092896 0.10468800365924835 0.109375
7 0.23671899735927582 0.6445310115814209 0.10781300067901611 0.10781300067901611
8 0.7015619874000549 0.44609400629997253 0.07187499850988388 0.054687999188899994
8 0.6921870112419128 0.53125 0.07187499850988388 0.0625
8 0.590624988079071 0.6421880125999451 0.10000000149011612 0.07500000298023224
8 0.39921900629997253 0.580469012260437 0.057812999933958054 0.051562000066041946
8 0.45156198740005493 0.6414059996604919 0.09375 0.07968699932098389
8 0.42343801259994507 0.744530975818634 0.10312499850988388 0.11406199634075165
6 0.6734380125999451 0.5953130125999451 0.08124999701976776 0.05312500149011612
3 0.5203120112419128 0.5140619874000549 0.15625 0.13750000298023224
