9 0.6101559996604919 0.4007810056209564 0.32343700528144836 0.11093699932098389
9 0.466405987739563 0.5718749761581421 0.28593799471855164 0.22812500596046448
8 0.7890620231628418 0.19843700528144836 0.078125 0.09375
8 0.31406301259994507 0.5460940003395081 0.05937499925494194 0.051562000066041946
8 0.43906301259994507 0.689844012260437 0.0625 0.06406199932098389
8 0.5273439884185791 0.6789060235023499 0.08281199634075165 0.09218800067901611
8 0.6046879887580872 0.619530975818634 0.08437500149011612 0.057812999933958054
3 0.825780987739563 0.328125 0.07343800365924835 0.13750000298023224
3 0.5 0.48906299471855164 0.10625000298023224 0.07187499850988388
7 0.22499999403953552 0.4007810056209564 0.11562500149011612 0.12031300365924835
7 0.2304690033197403 0.5546879768371582 0.09218800067901611 0.09062500298023224
0 0.1953119933605194 0.48281198740005493 0.078125 0.08437500149011612
0 0.7703120112419128 0.30937498807907104 0.07187499850988388 0.07187499850988388
1 0.6968749761581421 0.6671879887580872 0.10000000149011612 0.11874999850988388
1 0.534375011920929 0.5484380125999451 0.06875000149011612 0.17812499403953552
