6 0.4570310115814209 0.09097199887037277 0.30781200528144836 0.14861099421977997
6 0.622655987739563 0.5177080035209656 0.04531199857592583 0.1645829975605011
6 0.42552098631858826 0.3677079975605011 0.1177079975605011 0.11458300054073334
6 0.20833300054073334 0.4461809992790222 0.18958300352096558 0.3701390027999878
0 0.5007809996604919 0.546875 0.04531199857592583 0.05347200110554695
0 0.48802098631858826 0.6861109733581543 0.03645800054073334 0.05000000074505806
1 0.3018229901790619 0.4913190007209778 0.04635399952530861 0.10069400072097778
1 0.20286500453948975 0.6861109733581543 0.03281300142407417 0.10833299905061722
1 0.880469024181366 0.4774309992790222 0.14322899281978607 0.10902799665927887
1 0.6023439764976501 0.7486109733581543 0.04322899878025055 0.05277799814939499
1 0.37135401368141174 0.9215279817581177 0.0385419987142086 0.06805600225925446
1 0.28932300209999084 0.762499988079071 0.08697900176048279 0.16666699945926666
