0 0.1992190033197403 0.5632809996604919 0.11093699932098389 0.11093699932098389
0 0.549219012260437 0.503125011920929 0.11093699932098389 0.10000000149011612
7 0.3531250059604645 0.16953100264072418 0.14687499403953552 0.1484380066394806
6 0.642969012260437 0.653905987739563 0.06718699634075165 0.07343800365924835
6 0.30390599370002747 0.5664060115814209 0.09218800067901611 0.0703120008111
1 0.2484380006790161 0.3046880066394806 0.18125000596046448 0.13124999403953552
1 0.521094024181366 0.650780975818634 0.15156200528144836 0.23906299471855164
8 0.1734369993209839 0.424219012260437 0.078125 0.0703120008111
8 0.299219012260437 0.2382809966802597 0.054687999188899994 0.06406199932098389
8 0.3179689943790436 0.34375 0.06718699634075165 0.07187499850988388
8 0.33281299471855164 0.7492190003395081 0.10000000149011612 0.11406199634075165
8 0.37421900033950806 0.603905975818634 0.12031300365924835 0.07968699932098389
3 0.39140599966049194 0.43046900629997253 0.08906300365924835 0.1890619993209839
9 0.424219012260437 0.4335939884185791 0.4453119933605194 0.1953119933605194
