3 0.5953130125999451 0.1703130006790161 0.0625 0.15000000596046448
3 0.32499998807907104 0.375 0.13750000298023224 0.06875000149011612
0 0.22187499701976776 0.30781200528144836 0.07187499850988388 0.07187499850988388
0 0.5867189764976501 0.45625001192092896 0.06718699634075165 0.05624999850988388
8 0.497655987739563 0.675000011920929 0.051562000066041946 0.05624999850988388
8 0.37578099966049194 0.2484380006790161 0.06093699857592583 0.05312500149011612
8 0.4781250059604645 0.20624999701976776 0.05000000074505806 0.078125
8 0.5695310235023499 0.28281301259994507 0.09218800067901611 0.08437500149011612
1 0.5273439884185791 0.7015619874000549 0.09531199932098389 0.14374999701976776
1 0.44843700528144836 0.28984400629997253 0.17499999701976776 0.09531199932098389
9 0.48515599966049194 0.53125 0.34531301259994507 0.11874999850988388
8 0.5148440003395081 0.565625011920929 0.035937000066041946 0.01875000074505806
9 0.4804689884185791 0.38203099370002747 0.10468800365924835 0.1265619993209839
7 0.299219012260437 0.37031200528144836 0.1015620008111 0.12187500298023224
