8 0.3226560056209564 0.549219012260437 0.10468800365924835 0.09531199932098389
8 0.4117189943790436 0.29843801259994507 0.057812999933958054 0.07187499850988388
8 0.7820309996604919 0.34687501192092896 0.09218800067901611 0.109375
8 0.8265619874000549 0.39218801259994507 0.09375 0.109375
8 0.4375 0.5695310235023499 0.07500000298023224 0.06406199932098389
6 0.46796900033950806 0.3007810115814209 0.057812999933958054 0.09218800067901611
6 0.41484400629997253 0.3968749940395355 0.057812999933958054 0.08437500149011612
0 0.263280987739563 0.7328119874000549 0.09531199932098389 0.08437500149011612
0 0.6445310115814209 0.42109400033950806 0.07968699932098389 0.09218800067901611
7 0.46406200528144836 0.6492189764976501 0.109375 0.11093699932098389
7 0.4726560115814209 0.7265620231628418 0.1421869993209839 0.125
3 0.621874988079071 0.49843698740005493 0.16562500596046448 0.13124999403953552
9 0.5703120231628418 0.5851560235023499 0.3031249940395355 0.33281299471855164
