0 0.622655987739563 0.43281200528144836 0.054687999188899994 0.05624999850988388
1 0.37421900033950806 0.18437500298023224 0.11093699932098389 0.08437500149011612
1 0.24062499403953552 0.7382810115814209 0.15312500298023224 0.09531199932098389
1 0.5117189884185791 0.5664060115814209 0.1265619993209839 0.12343800067901611
9 0.3007810115814209 0.6648439764976501 0.27031299471855164 0.1171879991889
9 0.49531200528144836 0.653905987739563 0.06562499701976776 0.0859379991889
8 0.510155975818634 0.42500001192092896 0.0703120008111 0.06875000149011612
8 0.5625 0.7437499761581421 0.03750000149011612 0.05312500149011612
8 0.5718749761581421 0.6796879768371582 0.05312500149011612 0.05312500149011612
8 0.5078120231628418 0.7851560115814209 0.07500000298023224 0.0703120008111
8 0.4804689884185791 0.48281198740005493 0.04843800142407417 0.0625
3 0.44062501192092896 0.4437499940395355 0.10312499850988388 0.078125
7 0.325780987739563 0.5578129887580872 0.09843699634075165 0.08124999701976776
7 0.6499999761581421 0.6296870112419128 0.078125 0.078125
6 0.3804689943790436 0.5843750238418579 0.04843800142407417 0.05000000074505806
