8 0.1914059966802597 0.528905987739563 0.057812999933958054 0.057812999933958054
8 0.543749988079071 0.6625000238418579 0.05937499925494194 0.05000000074505806
8 0.503125011920929 0.699999988079071 0.04374999925494194 0.05312500149011612
8 0.44609400629997253 0.75 0.07968699932098389 0.078125
7 0.5695310235023499 0.24375000596046448 0.11406199634075165 0.09687499701976776
7 0.7023440003395081 0.45156198740005493 0.0859379991889 0.08749999850988388
1 0.5765619874000549 0.3945310115814209 0.16875000298023224 0.06718699634075165
1 0.43593698740005493 0.3554689884185791 0.09375 0.12343800067901611
1 0.294530987739563 0.6921870112419128 0.11093699932098389 0.17812499403953552
6 0.34687501192092896 0.6640620231628418 0.046875 0.06562499701976776
3 0.3023439943790436 0.4101560115814209 0.1328119933605194 0.07968699932098389
9 0.41874998807907104 0.32968801259994507 0.30937498807907104 0.09062500298023224
9 0.4898439943790436 0.6000000238418579 0.3046880066394806 0.09375
0 0.6367189884185791 0.32109400629997253 0.06406199932098389 0.0703120008111
