1 0.392969012260437 0.2578119933605194 0.1578119993209839 0.125
1 0.603905975818634 0.4124999940395355 0.19843700528144836 0.19062499701976776
1 0.33906200528144836 0.8109369874000549 0.10000000149011612 0.140625
7 0.2757810056209564 0.49140599370002747 0.1328119933605194 0.13593700528144836
7 0.482030987739563 0.763280987739563 0.12343800067901611 0.1328119933605194
6 0.4007810056209564 0.7070310115814209 0.07656300067901611 0.07968699932098389
8 0.7640619874000549 0.5382810235023499 0.08749999850988388 0.08281199634075165
8 0.48906299471855164 0.4117189943790436 0.06562499701976776 0.07656300067901611
8 0.2359369993209839 0.810155987739563 0.07187499850988388 0.0703120008111
3 0.550000011920929 0.543749988079071 0.13437500596046448 0.20000000298023224
9 0.5507810115814209 0.5617190003395081 0.38906198740005493 0.31093698740005493
9 0.361719012260437 0.521094024181366 0.1890619993209839 0.4296880066394806
