6 0.24140599370002747 0.3232640027999878 0.1859380006790161 0.4590280055999756
6 0.6591150164604187 0.40451401472091675 0.2036460041999817 0.45347198843955994
6 0.705469012260437 0.13541699945926666 0.07343800365924835 0.2152779996395111
6 0.619530975818634 0.4131940007209778 0.1401039958000183 0.17083300650119781
6 0.7669270038604736 0.39027801156044006 0.15156200528144836 0.10555599629878998
6 0.5890629887580872 0.6368060111999512 0.4385420083999634 0.3833329975605011
6 0.27812498807907104 0.6954860091209412 0.4749999940395355 0.27013900876045227
6 0.40260401368141174 0.8701390027999878 0.11249999701976776 0.19444400072097778
0 0.4395830035209656 0.23576399683952332 0.11874999850988388 0.15763899683952332
0 0.32109400629997253 0.3486109972000122 0.08802100270986557 0.1166670024394989
0 0.47031301259994507 0.4364579916000366 0.05208300054073334 0.06597200036048889
0 0.3559899926185608 0.5270829796791077 0.05052100121974945 0.08194400370121002
0 0.4593749940395355 0.6739580035209656 0.10729199647903442 0.17291699349880219
0 0.559374988079071 0.8427079916000366 0.09062500298023224 0.12013900279998779
