3 0.29843801259994507 0.2773439884185791 0.11249999701976776 0.12968799471855164
3 0.40312498807907104 0.41484400629997253 0.140625 0.1015620008111
0 0.622655987739563 0.22187499701976776 0.06718699634075165 0.08437500149011612
0 0.42265599966049194 0.2929689884185791 0.07968699932098389 0.08281199634075165
9 0.5890629887580872 0.49140599370002747 0.16562500596046448 0.32343700528144836
8 0.7906249761581421 0.5429689884185791 0.0625 0.0703120008111
8 0.419530987739563 0.533594012260437 0.08906300365924835 0.06718699634075165
8 0.27812498807907104 0.753125011920929 0.078125 0.10000000149011612
8 0.3843750059604645 0.6164060235023499 0.08749999850988388 0.0859379991889
1 0.5085939764976501 0.5476559996604919 0.0859379991889 0.1796880066394806
