9 0.630469024181366 0.6000000238418579 0.1578119993209839 0.12187500298023224
9 0.31562501192092896 0.4570310115814209 0.359375 0.07343800365924835
3 0.34687501192092896 0.5867189764976501 0.140625 0.13593700528144836
7 0.528905987739563 0.34296900033950806 0.09843699634075165 0.10468800365924835
7 0.2601560056209564 0.357030987739563 0.12031300365924835 0.1265619993209839
1 0.372655987739563 0.28281301259994507 0.09843699634075165 0.10312499850988388
1 0.4414060115814209 0.5515620112419128 0.08281199634075165 0.07500000298023224
8 0.3531250059604645 0.5874999761581421 0.09062500298023224 0.09687499701976776
8 0.30156299471855164 0.6335939764976501 0.06562499701976776 0.06718699634075165
8 0.3515619933605194 0.768750011920929 0.07187499850988388 0.08749999850988388
8 0.44609400629997253 0.525780975818634 0.06718699634075165 0.0703120008111
8 0.424219012260437 0.3804689943790436 0.07343800365924835 0.0859379991889
8 0.328125 0.390625 0.09375 0.05937499925494194
8 0.7195309996604919 0.5976560115814209 0.0859379991889 0.07343800365924835
