3 0.6023439764976501 0.25703099370002747 0.1328119933605194 0.0859379991889
3 0.6312500238418579 0.6492189764976501 0.08437500149011612 0.12343800067901611
1 0.46562498807907104 0.3242189884185791 0.109375 0.1015620008111
1 0.4765619933605194 0.53125 0.16249999403953552 0.06875000149011612
7 0.564844012260437 0.3398439884185791 0.08281199634075165 0.0859379991889
7 0.36015599966049194 0.47734400629997253 0.10468800365924835 0.11406199634075165
0 0.2539060115814209 0.5484380125999451 0.06406199932098389 0.06562499701976776
0 0.6835939884185791 0.6648439764976501 0.08281199634075165 0.07968699932098389
8 0.5562499761581421 0.783594012260437 0.07187499850988388 0.07656300067901611
8 0.3632810115814209 0.630469024181366 0.04843800142407417 0.04843800142407417
8 0.47187501192092896 0.5929690003395081 0.08124999701976776 0.07343800365924835
8 0.31562501192092896 0.521094024181366 0.05312500149011612 0.051562000066041946
8 0.26406198740005493 0.596094012260437 0.078125 0.07343800365924835
9 0.48359400033950806 0.753125011920929 0.28593799471855164 0.171875
9 0.5671870112419128 0.44999998807907104 0.203125 0.2718749940395355
