1 0.40104201436042786 0.29166701436042786 0.08958300203084946 0.26111099123954773
1 0.6340280175209045 0.2861109972000122 0.10277800261974335 0.25
1 0.7670140266418457 0.5513889789581299 0.12013900279998779 0.2620370090007782
1 0.6656249761581421 0.6453700065612793 0.1381939947605133 0.27222201228141785
0 0.3534719944000244 0.5569440126419067 0.08333300054073334 0.1212960034608841
0 0.43576401472091675 0.7222219705581665 0.08958300203084946 0.1166670024394989
0 0.5423610210418701 0.7259259819984436 0.1069440022110939 0.12777799367904663
0 0.4364579916000366 0.5995370149612427 0.08402799814939499 0.125
0 0.41527798771858215 0.48009300231933594 0.09027799963951111 0.10833299905061722
0 0.5114579796791077 0.4722220003604889 0.08680599927902222 0.11851900070905685
0 0.5239580273628235 0.5939810276031494 0.08958300203084946 0.13240699470043182
0 0.6163190007209778 0.5745369791984558 0.09791699796915054 0.13055600225925446
0 0.5975689888000488 0.4578700065612793 0.08124999701976776 0.1287039965391159
0 0.6878470182418823 0.4601849913597107 0.09652800112962723 0.137036994099617
0 0.5732640027999878 0.3449069857597351 0.09791699796915054 0.11574099957942963
0 0.5388889908790588 0.23472200334072113 0.09027799963951111 0.125
0 0.48159700632095337 0.14814800024032593 0.08680599927902222 0.12407399713993073
0 0.5854169726371765 0.11574099957942963 0.10416699945926666 0.12407399713993073
0 0.800000011920929 0.33194398880004883 0.09444399923086166 0.14166699349880219
