6 0.38906198740005493 0.13611100614070892 0.03437500074505806 0.16527800261974335
6 0.4854170083999634 0.29374998807907104 0.29166701436042786 0.20833300054073334
6 0.6609370112419128 0.5576390027999878 0.3614580035209656 0.08333300054073334
1 0.26692700386047363 0.7791669964790344 0.035937000066041946 0.05694400146603584
1 0.543749988079071 0.699999988079071 0.0708329975605011 0.1694439947605133
1 0.4117189943790436 0.606249988079071 0.029687000438570976 0.05972199887037277
1 0.34400999546051025 0.1177079975605011 0.06718699634075165 0.06319399923086166
1 0.36302098631858826 0.6909719705581665 0.02812499925494194 0.10277800261974335
6 0.2432290017604828 0.2416670024394989 0.15208299458026886 0.10138899832963943
6 0.2505210041999817 0.5652779936790466 0.4937500059604645 0.18472200632095337
0 0.1859380006790161 0.37326401472091675 0.09375 0.11874999850988388
0 0.2880209982395172 0.4239580035209656 0.05312500149011612 0.06458300352096558
0 0.2494789958000183 0.6493059992790222 0.11874999850988388 0.16249999403953552
0 0.4638020098209381 0.6506940126419067 0.08906300365924835 0.12083300203084946
0 0.6669269800186157 0.6729170083999634 0.12968799471855164 0.17083300650119781
0 0.5203120112419128 0.5402780175209045 0.03229200094938278 0.030556000769138336
0 0.33385398983955383 0.8711810111999512 0.05104200169444084 0.061806000769138336
6 0.3812499940395355 0.8559030294418335 0.11458300054073334 0.18680599331855774
