3 0.635155975818634 0.3968749940395355 0.10468800365924835 0.13750000298023224
3 0.36406299471855164 0.515625 0.13437500596046448 0.0625
3 0.596875011920929 0.6140620112419128 0.13750000298023224 0.11249999701976776
7 0.650780975818634 0.25703099370002747 0.11093699932098389 0.12031300365924835
7 0.661719024181366 0.5703120231628418 0.09218800067901611 0.12187500298023224
0 0.6007810235023499 0.794530987739563 0.07968699932098389 0.07968699932098389
0 0.46406200528144836 0.713280975818634 0.078125 0.08281199634075165
1 0.4375 0.34453099966049194 0.125 0.09843699634075165
1 0.29765599966049194 0.3179689943790436 0.07343800365924835 0.07343800365924835
9 0.471094012260437 0.455469012260437 0.0859379991889 0.08281199634075165
9 0.42500001192092896 0.5945309996604919 0.29374998807907104 0.2359369993209839
