3 0.5734379887580872 0.21171900629997253 0.07500000298023224 0.1171879991889
7 0.38203099370002747 0.21953099966049194 0.08906300365924835 0.1015620008111
7 0.6656249761581421 0.6140620112419128 0.078125 0.07500000298023224
8 0.435155987739563 0.3398439884185791 0.035937000066041946 0.07656300067901611
8 0.4765619933605194 0.30937498807907104 0.05312500149011612 0.06875000149011612
8 0.580469012260437 0.36406299471855164 0.042187999933958054 0.0625
8 0.6679689884185791 0.419530987739563 0.04843800142407417 0.04843800142407417
8 0.7046880125999451 0.5515620112419128 0.05000000074505806 0.05000000074505806
8 0.3531250059604645 0.5945309996604919 0.03750000149011612 0.07968699932098389
8 0.36796900629997253 0.763280987739563 0.06093699857592583 0.0703120008111
1 0.6632810235023499 0.35468700528144836 0.1484380066394806 0.08124999701976776
1 0.5171880125999451 0.44843700528144836 0.07500000298023224 0.10625000298023224
9 0.5249999761581421 0.588280975818634 0.23125000298023224 0.1953119933605194
9 0.23203100264072418 0.38749998807907104 0.2578119933605194 0.11874999850988388
