6 0.591405987739563 0.2484380006790161 0.06718699634075165 0.07500000298023224
8 0.7273439764976501 0.5898439884185791 0.07343800365924835 0.0703120008111
8 0.4804689884185791 0.4609380066394806 0.057812999933958054 0.07187499850988388
8 0.22890600562095642 0.822655975818634 0.06093699857592583 0.06718699634075165
8 0.171875 0.732030987739563 0.08124999701976776 0.08906300365924835
1 0.5874999761581421 0.47578099370002747 0.17499999701976776 0.1859380006790161
1 0.18515600264072418 0.5703120231628418 0.16093799471855164 0.13437500596046448
1 0.325780987739563 0.8265619874000549 0.0859379991889 0.13124999403953552
7 0.18046900629997253 0.453125 0.13593700528144836 0.12187500298023224
7 0.45625001192092896 0.7929689884185791 0.109375 0.1328119933605194
3 0.5296869874000549 0.591405987739563 0.125 0.17656299471855164
9 0.357030987739563 0.5609369874000549 0.21406200528144836 0.3843750059604645
9 0.5320309996604919 0.612500011920929 0.33906200528144836 0.2874999940395355
