6 0.6151040196418762 0.3388890027999878 0.4760420024394989 0.22777800261974335
6 0.29817700386047363 0.5565969944000244 0.18177099525928497 0.6409720182418823
6 0.6765620112419128 0.6402779817581177 0.125 0.14027799665927887
6 0.5002599954605103 0.7295140027999878 0.08802100270986557 0.1840279996395111
6 0.6054689884185791 0.7121530175209045 0.15052099525928497 0.10069400072097778
6 0.38307300209999084 0.36250001192092896 0.05989599972963333 0.20833300054073334
1 0.34687501192092896 0.7666670083999634 0.09687499701976776 0.1430560052394867
1 0.439844012260437 0.3472220003604889 0.08281199634075165 0.1527779996395111
0 0.5901039838790894 0.5548610091209412 0.03229200094938278 0.04583299905061722
0 0.4380210041999817 0.6111109852790833 0.03229200094938278 0.04166699945926666
6 0.2830730080604553 0.3666670024394989 0.08802100270986557 0.4097220003604889
6 0.18125000596046448 0.5722219944000244 0.06666699796915054 0.4916670024394989
6 0.5333330035209656 0.4375 0.09583300352096558 0.13472199440002441
6 0.5171880125999451 0.5222219824790955 0.36250001192092896 0.1513890027999878
6 0.4307290017604828 0.6524310111999512 0.09895800054073334 0.10486099869012833
6 0.42343801259994507 0.7871530055999756 0.25 0.2881940007209778
