9 0.2695310115814209 0.46406200528144836 0.32343700528144836 0.17812499403953552
9 0.682030975818634 0.6343749761581421 0.26718801259994507 0.2906250059604645
3 0.4921880066394806 0.6992189884185791 0.06562499701976776 0.15156200528144836
8 0.4906249940395355 0.3062500059604645 0.05000000074505806 0.05937499925494194
8 0.497655987739563 0.3968749940395355 0.07656300067901611 0.08437500149011612
8 0.7406250238418579 0.6054689884185791 0.06562499701976776 0.0703120008111
8 0.296875 0.6343749761581421 0.06562499701976776 0.06875000149011612
1 0.7015619874000549 0.34296900033950806 0.11874999850988388 0.17656299471855164
1 0.5867189764976501 0.30156299471855164 0.13593700528144836 0.09687499701976776
1 0.6203129887580872 0.4492189884185791 0.09062500298023224 0.18281200528144836
6 0.544530987739563 0.45468801259994507 0.06093699857592583 0.06562499701976776
7 0.37187498807907104 0.5148440003395081 0.12187500298023224 0.11406199634075165
7 0.517969012260437 0.59375 0.09531199932098389 0.09375
