8 0.40468698740005493 0.25703099370002747 0.046875 0.06093699857592583
8 0.5945309996604919 0.48515599966049194 0.06718699634075165 0.06406199932098389
8 0.4124999940395355 0.796875 0.05312500149011612 0.10625000298023224
8 0.4648439884185791 0.7296879887580872 0.08906300365924835 0.08749999850988388
8 0.484375 0.7765629887580872 0.078125 0.10000000149011612
8 0.23125000298023224 0.5945309996604919 0.08749999850988388 0.08906300365924835
8 0.23671899735927582 0.361719012260437 0.07968699932098389 0.08906300365924835
8 0.28984400629997253 0.39375001192092896 0.08906300365924835 0.09375
7 0.5249999761581421 0.27812498807907104 0.10625000298023224 0.11249999701976776
7 0.27656200528144836 0.30937498807907104 0.09375 0.09687499701976776
7 0.697655975818634 0.5562499761581421 0.1265619993209839 0.109375
7 0.44609400629997253 0.4585939943790436 0.1015620008111 0.12343800067901611
7 0.41093799471855164 0.361719012260437 0.11562500149011612 0.10468800365924835
0 0.713280975818634 0.46406200528144836 0.08906300365924835 0.09062500298023224
0 0.2734380066394806 0.666405975818634 0.07187499850988388 0.07968699932098389
0 0.5171880125999451 0.46718698740005493 0.0625 0.06562499701976776
0 0.421875 0.528124988079071 0.08437500149011612 0.07500000298023224
1 0.5828120112419128 0.578125 0.19062499701976776 0.10625000298023224
1 0.424219012260437 0.5820310115814209 0.18281200528144836 0.11093699932098389
1 0.2593750059604645 0.505469024181366 0.10000000149011612 0.14531299471855164
1 0.2304690033197403 0.453125 0.08906300365924835 0.08749999850988388
3 0.38749998807907104 0.6476560235023499 0.14374999701976776 0.1015620008111
3 0.16562500596046448 0.4000000059604645 0.078125 0.14374999701976776
9 0.47343799471855164 0.40156200528144836 0.30937498807907104 0.21250000596046448
9 0.6335939764976501 0.6914060115814209 0.13593700528144836 0.1546880006790161
3 0.32890599966049194 0.4742189943790436 0.07968699932098389 0.14531299471855164
