1 0.24348999559879303 0.10000000149011612 0.03281300142407417 0.09166699647903442
1 0.3486979901790619 0.3916670083999634 0.07135400176048279 0.04027799889445305
0 0.17994800209999084 0.33090299367904663 0.04947900027036667 0.06597200036048889
0 0.35807299613952637 0.15555599331855774 0.04739600047469139 0.06805600225925446
0 0.25755199790000916 0.43472200632095337 0.09114599972963333 0.11527799814939499
0 0.46796900033950806 0.4458329975605011 0.12135399878025055 0.1527779996395111
0 0.42942699790000916 0.5604169964790344 0.08697900176048279 0.11527799814939499
0 0.140625 0.6649309992790222 0.12187500298023224 0.15486100316047668
0 0.2544269859790802 0.7475690245628357 0.03697900101542473 0.049306001514196396
6 0.3804689943790436 0.07986100018024445 0.12760399281978607 0.06666699796915054
6 0.44505199790000916 0.20173600316047668 0.34739598631858826 0.23263899981975555
6 0.6447920203208923 0.47881901264190674 0.29166701436042786 0.18958300352096558
6 0.40026000142097473 0.7541670203208923 0.04531199857592583 0.2138890027999878
1 0.2192710041999817 0.20381900668144226 0.11562500149011612 0.12152799963951111
6 0.5164059996604919 0.34826400876045227 0.1317709982395172 0.14097200334072113
6 0.31328099966049194 0.5729169845581055 0.47343799471855164 0.25555598735809326
1 0.390625 0.35972198843955994 0.0385419987142086 0.048611000180244446
1 0.5356770157814026 0.41805601119995117 0.03697900101542473 0.04583299905061722
