1 0.5130209922790527 0.7583330273628235 0.04895799979567528 0.09444399923086166
0 0.4364579916000366 0.3427079916000366 0.12812499701976776 0.16875000298023224
0 0.6622400283813477 0.6017360091209412 0.09114599972963333 0.12291699647903442
0 0.36979201436042786 0.6510419845581055 0.03541700169444084 0.05208300054073334
0 0.1601559966802597 0.5177080035209656 0.05572900176048279 0.06458300352096558
6 0.33385398983955383 0.21701399981975555 0.3364579975605011 0.30486100912094116
6 0.5119789838790894 0.5659719705581665 0.1322920024394989 0.0708329975605011
6 0.3554689884185791 0.7597219944000244 0.30156299471855164 0.17638899385929108
6 0.6315100193023682 0.8104169964790344 0.08906300365924835 0.20694400370121002
6 0.753125011920929 0.36388900876045227 0.21875 0.6263890266418457
1 0.6499999761581421 0.4354169964790344 0.04166699945926666 0.06805600225925446
1 0.5994790196418762 0.2750000059604645 0.10000000149011612 0.16666699945926666
6 0.28437501192092896 0.4809029996395111 0.0854170024394989 0.21875
