0 0.5482640266418457 0.356018990278244 0.09791699796915054 0.12314800173044205
0 0.5409719944000244 0.5041670203208923 0.10277800261974335 0.12314800173044205
0 0.7086809873580933 0.41990700364112854 0.08958300203084946 0.12314800173044205
0 0.7673609852790833 0.319907009601593 0.09861099720001221 0.11944399774074554
0 0.5034719705581665 0.14722199738025665 0.10555599629878998 0.12592600286006927
0 0.4239580035209656 0.1981479972600937 0.09652800112962723 0.12407399713993073
0 0.36250001192092896 0.38657400012016296 0.09722200036048889 0.12685200572013855
0 0.3927080035209656 0.5157409906387329 0.09652800112962723 0.12592600286006927
0 0.42256900668144226 0.6407409906387329 0.09375 0.13888899981975555
0 0.6743059754371643 0.6893519759178162 0.09722200036048889 0.13425900042057037
1 0.6454859972000122 0.4037039875984192 0.09375 0.2666670083999634
1 0.7628470063209534 0.5180559754371643 0.11874999850988388 0.2620370090007782
