9 0.4437499940395355 0.5382810235023499 0.2750000059604645 0.1796880066394806
9 0.7328119874000549 0.424219012260437 0.16249999403953552 0.2734380066394806
6 0.13046899437904358 0.763280987739563 0.04531199857592583 0.06718699634075165
8 0.18671900033950806 0.3945310115814209 0.04531199857592583 0.057812999933958054
8 0.23125000298023224 0.44218799471855164 0.06875000149011612 0.06875000149011612
8 0.36406299471855164 0.627344012260437 0.05312500149011612 0.08281199634075165
8 0.4492189884185791 0.6921870112419128 0.057812999933958054 0.05624999850988388
8 0.8546879887580872 0.3984380066394806 0.06562499701976776 0.05937499925494194
7 0.2148440033197403 0.5234379768371582 0.08906300365924835 0.10000000149011612
7 0.7804690003395081 0.6179689764976501 0.09531199932098389 0.08281199634075165
1 0.21328100562095642 0.5929690003395081 0.0859379991889 0.06406199932098389
1 0.5945309996604919 0.685155987739563 0.0859379991889 0.16093799471855164
1 0.2773439884185791 0.7023440003395081 0.13593700528144836 0.12968799471855164
3 0.7976559996604919 0.5046870112419128 0.13593700528144836 0.09062500298023224
0 0.7078120112419128 0.6625000238418579 0.07187499850988388 0.06875000149011612
