3 0.581250011920929 0.1859380006790161 0.13124999403953552 0.06875000149011612
3 0.6265630125999451 0.6625000238418579 0.13437500596046448 0.10000000149011612
7 0.5867189764976501 0.27421900629997253 0.09218800067901611 0.08906300365924835
7 0.372655987739563 0.5421879887580872 0.1015620008111 0.109375
0 0.26875001192092896 0.6132810115814209 0.06562499701976776 0.06718699634075165
0 0.5351560115814209 0.7273439764976501 0.07343800365924835 0.07343800365924835
1 0.47343799471855164 0.35468700528144836 0.12187500298023224 0.08749999850988388
1 0.49531200528144836 0.567969024181366 0.16562500596046448 0.0703120008111
8 0.28281301259994507 0.6625000238418579 0.07500000298023224 0.06875000149011612
8 0.330469012260437 0.5859379768371582 0.051562000066041946 0.046875
8 0.4804689884185791 0.619530975818634 0.08281199634075165 0.054687999188899994
8 0.552344024181366 0.802344024181366 0.057812999933958054 0.08281199634075165
9 0.580469012260437 0.5171880125999451 0.21406200528144836 0.265625
