9 0.541405975818634 0.5843750238418579 0.36093801259994507 0.296875
9 0.35781198740005493 0.5429689884185791 0.21562500298023224 0.39531299471855164
1 0.3945310115814209 0.296875 0.15156200528144836 0.12187500298023224
1 0.3359380066394806 0.8171870112419128 0.08437500149011612 0.13750000298023224
1 0.5929690003395081 0.4437499940395355 0.1890619993209839 0.19062499701976776
7 0.28125 0.5164059996604919 0.13124999403953552 0.13593700528144836
7 0.46875 0.7742189764976501 0.11562500149011612 0.12968799471855164
8 0.48359400033950806 0.43593698740005493 0.06093699857592583 0.08124999701976776
8 0.7406250238418579 0.5609369874000549 0.08124999701976776 0.08437500149011612
8 0.2359369993209839 0.814844012260437 0.07187499850988388 0.0703120008111
8 0.17812499403953552 0.7273439764976501 0.08749999850988388 0.09843699634075165
6 0.37421900033950806 0.706250011920929 0.06093699857592583 0.08437500149011612
3 0.5390620231628418 0.5687500238418579 0.12812499701976776 0.1875
