6 0.48906299471855164 0.23906299471855164 0.0625 0.09375
6 0.45781299471855164 0.3226560056209564 0.06875000149011612 0.07656300067901611
8 0.4335939884185791 0.23671899735927582 0.057812999933958054 0.07343800365924835
8 0.4593749940395355 0.5093749761581421 0.06875000149011612 0.06562499701976776
8 0.372655987739563 0.5320309996604919 0.08906300365924835 0.10468800365924835
8 0.32968801259994507 0.565625011920929 0.09375 0.09687499701976776
8 0.357030987739563 0.6296870112419128 0.06093699857592583 0.05937499925494194
3 0.6031249761581421 0.388280987739563 0.15937499701976776 0.12968799471855164
7 0.49140599370002747 0.580469012260437 0.10468800365924835 0.10781300067901611
7 0.44609400629997253 0.8656250238418579 0.12968799471855164 0.15937499701976776
0 0.29218700528144836 0.6679689884185791 0.09375 0.09843699634075165
0 0.5687500238418579 0.3499999940395355 0.07500000298023224 0.05312500149011612
9 0.5796880125999451 0.5242189764976501 0.30000001192092896 0.31718799471855164
