1 0.375 0.3046880066394806 0.14687499403953552 0.11562500149011612
1 0.5617190003395081 0.46015599370002747 0.1796880066394806 0.1859380006790161
1 0.3867189884185791 0.643750011920929 0.08281199634075165 0.09375
8 0.706250011920929 0.5789059996604919 0.078125 0.07656300067901611
8 0.4593749940395355 0.44843700528144836 0.0625 0.07500000298023224
8 0.21015599370002747 0.5273439884185791 0.07343800365924835 0.07968699932098389
7 0.4429689943790436 0.78125 0.11406199634075165 0.13124999403953552
7 0.2593750059604645 0.5242189764976501 0.125 0.1265619993209839
3 0.510155975818634 0.5789059996604919 0.12968799471855164 0.18281200528144836
6 0.3648439943790436 0.7265620231628418 0.0703120008111 0.078125
9 0.510155975818634 0.5945309996604919 0.3515619933605194 0.29531198740005493
9 0.33281299471855164 0.552344024181366 0.19374999403953552 0.40156200528144836
