9 0.39765599370002747 0.32734400033950806 0.1640619933605194 0.2734380066394806
9 0.294530987739563 0.6734380125999451 0.28281301259994507 0.06562499701976776
8 0.6515629887580872 0.14765599370002747 0.07187499850988388 0.057812999933958054
8 0.521094024181366 0.39765599370002747 0.051562000066041946 0.057812999933958054
8 0.5859379768371582 0.4437499940395355 0.05624999850988388 0.05312500149011612
8 0.47578099370002747 0.640625 0.039062000811100006 0.046875
8 0.513280987739563 0.640625 0.039062000811100006 0.08437500149011612
1 0.3499999940395355 0.24531200528144836 0.08437500149011612 0.125
1 0.466405987739563 0.544530987739563 0.13593700528144836 0.12343800067901611
1 0.550000011920929 0.549219012260437 0.06875000149011612 0.16093799471855164
6 0.20078100264072418 0.7234370112419128 0.054687999188899994 0.04062499850988388
3 0.45390599966049194 0.7140629887580872 0.12968799471855164 0.078125
7 0.6257809996604919 0.31328099966049194 0.08281199634075165 0.07968699932098389
7 0.27656200528144836 0.22109399735927582 0.10000000149011612 0.10781300067901611
0 0.5718749761581421 0.17499999701976776 0.07187499850988388 0.078125
