0 0.43880200386047363 0.4148150086402893 0.06510400027036667 0.1129629984498024
0 0.4307290017604828 0.5685189962387085 0.06354200094938278 0.11481499671936035
0 0.5536460280418396 0.6351850032806396 0.03229200094938278 0.12962999939918518
0 0.5994790196418762 0.6398149728775024 0.03229200094938278 0.11111100018024445
0 0.5966150164604187 0.36018499732017517 0.06822899729013443 0.12222199887037277
0 0.7963539958000183 0.24305599927902222 0.05937499925494194 0.1046300008893013
0 0.8502600193023682 0.22036999464035034 0.057812999933958054 0.11851900070905685
0 0.8924480080604553 0.1611109972000122 0.057812999933958054 0.12037000060081482
0 0.9414060115814209 0.3175930082798004 0.039062000811100006 0.1166670024394989
0 0.7953119874000549 0.35555601119995117 0.06145799905061722 0.11851900070905685
0 0.8445309996604919 0.49444401264190674 0.06510400027036667 0.1129629984498024
0 0.7718750238418579 0.7615739703178406 0.06562499701976776 0.10833299905061722
0 0.8841149806976318 0.742592990398407 0.06302099674940109 0.06481499969959259
0 0.6229169964790344 0.06203699856996536 0.07187499850988388 0.07222200185060501
0 0.614844024181366 0.02777799963951111 0.07656300067901611 0.05000000074505806
0 0.8377599716186523 0.06018500030040741 0.05677099898457527 0.10925900191068649
0 0.7294269800186157 0.4916670024394989 0.07135400176048279 0.10740700364112854
0 0.6036459803581238 0.461573988199234 0.03333299979567528 0.050925999879837036
1 0.5828120112419128 0.6504629850387573 0.13645799458026886 0.09907399863004684
1 0.7364580035209656 0.31296300888061523 0.05833299830555916 0.23703700304031372
1 0.8731769919395447 0.6245369911193848 0.06197899952530861 0.16759300231933594
1 0.6291670203208923 0.07546299695968628 0.06666699796915054 0.1490740031003952
