6 0.41822901368141174 0.26527801156044006 0.1020829975605011 0.1333329975605011
6 0.5861979722976685 0.5836809873580933 0.32343700528144836 0.3090279996395111
6 0.18125000596046448 0.6892359852790833 0.1802079975605011 0.3618060052394867
0 0.24192699790000916 0.32499998807907104 0.10989599674940109 0.16388900578022003
0 0.5515620112419128 0.40347200632095337 0.04791700094938278 0.06805600225925446
0 0.6619790196418762 0.4482640027999878 0.05208300054073334 0.07291699945926666
0 0.7875000238418579 0.39965298771858215 0.125 0.15902799367904663
0 0.36250001192092896 0.48124998807907104 0.09166699647903442 0.11111100018024445
0 0.42343801259994507 0.6145830154418945 0.08854199945926666 0.12083300203084946
0 0.4341149926185608 0.4951390027999878 0.029687000438570976 0.04583299905061722
6 0.5773440003395081 0.28541699051856995 0.1651040017604828 0.08611100167036057
6 0.278905987739563 0.640625 0.08697900176048279 0.6756939888000488
1 0.6247400045394897 0.7538189888000488 0.08177100121974945 0.15625
1 0.34947898983955383 0.3607639968395233 0.04062499850988388 0.061806000769138336
1 0.16588500142097473 0.8100690245628357 0.03802099823951721 0.05624999850988388
1 0.5278649926185608 0.6802080273628235 0.05677099898457527 0.09236100316047668
1 0.4932290017604828 0.8152779936790466 0.078125 0.06527800112962723
6 0.43229201436042786 0.7892360091209412 0.11874999850988388 0.17986099421977997
