9 0.650780975818634 0.45390599966049194 0.2359369993209839 0.27031299471855164
9 0.43281200528144836 0.4898439943790436 0.28437501192092896 0.20781299471855164
3 0.574999988079071 0.3007810115814209 0.06875000149011612 0.12968799471855164
3 0.40703099966049194 0.3632810115814209 0.1328119933605194 0.09218800067901611
8 0.34687501192092896 0.42656299471855164 0.05937499925494194 0.0625
8 0.6015620231628418 0.41328099370002747 0.078125 0.04843800142407417
8 0.622655987739563 0.40625 0.054687999188899994 0.046875
8 0.5085939764976501 0.590624988079071 0.09218800067901611 0.078125
8 0.513280987739563 0.6312500238418579 0.039062000811100006 0.0625
0 0.2750000059604645 0.5203120112419128 0.06875000149011612 0.06875000149011612
0 0.6546869874000549 0.560155987739563 0.078125 0.07343800365924835
7 0.41718700528144836 0.583594024181366 0.09062500298023224 0.09218800067901611
7 0.390625 0.3632810115814209 0.09687499701976776 0.11406199634075165
1 0.5765619874000549 0.6140620112419128 0.09375 0.12812499701976776
1 0.550000011920929 0.4945310056209564 0.15000000596046448 0.13593700528144836
