6 0.7203130125999451 0.3226560056209564 0.07500000298023224 0.07968699932098389
6 0.48593801259994507 0.43593698740005493 0.05312500149011612 0.06562499701976776
8 0.5476559996604919 0.39218801259994507 0.08281199634075165 0.10000000149011612
8 0.43906301259994507 0.39375001192092896 0.078125 0.11874999850988388
8 0.38906198740005493 0.646094024181366 0.07187499850988388 0.07656300067901611
8 0.46406200528144836 0.7648440003395081 0.078125 0.10468800365924835
8 0.5382810235023499 0.7296879887580872 0.06718699634075165 0.07500000298023224
8 0.453125 0.5710939764976501 0.109375 0.0703120008111
0 0.6835939884185791 0.6984379887580872 0.08906300365924835 0.08749999850988388
0 0.4749999940395355 0.6578130125999451 0.08437500149011612 0.09062500298023224
9 0.36796900629997253 0.3632810115814209 0.12968799471855164 0.41093799471855164
9 0.661719024181366 0.4281249940395355 0.14531299471855164 0.15000000596046448
7 0.6343749761581421 0.6203129887580872 0.14687499403953552 0.125
3 0.47343799471855164 0.5046870112419128 0.16249999403953552 0.09375
