0 0.6072919964790344 0.19618099927902222 0.04270799830555916 0.045138999819755554
0 0.705469012260437 0.37187498807907104 0.08802100270986557 0.12708300352096558
0 0.5429689884185791 0.5958330035209656 0.12343800067901611 0.16388900578022003
0 0.3924480080604553 0.5680559873580933 0.05052100121974945 0.0625
0 0.5273439884185791 0.8444439768791199 0.03281300142407417 0.05000000074505806
1 0.37578099966049194 0.13020800054073334 0.042187999933958054 0.10069400072097778
1 0.7388020157814026 0.12465299665927887 0.1255210041999817 0.10069400072097778
1 0.7765629887580872 0.6586809754371643 0.04270799830555916 0.057638999074697495
1 0.45468801259994507 0.8965280055999756 0.08333300054073334 0.16805599629878998
6 0.6979169845581055 0.7076389789581299 0.06666699796915054 0.21250000596046448
6 0.28437501192092896 0.7819439768791199 0.12604199349880219 0.19861100614070892
6 0.13984400033950806 0.5065969824790955 0.13802100718021393 0.6659719944000244
6 0.6041669845581055 0.8239579796791077 0.06666699796915054 0.2104170024394989
6 0.23802100121974945 0.30243098735809326 0.078125 0.17013899981975555
6 0.3135420083999634 0.40312498807907104 0.2114579975605011 0.34097200632095337
6 0.8481770157814026 0.6996530294418335 0.12135399878025055 0.48263901472091675
6 0.48359400033950806 0.2465279996395111 0.06406199932098389 0.2055560052394867
