3 0.3023439943790436 0.44218799471855164 0.1265619993209839 0.09687499701976776
3 0.6921870112419128 0.41328099370002747 0.13124999403953552 0.1015620008111
7 0.4437499940395355 0.36250001192092896 0.09062500298023224 0.09062500298023224
7 0.341405987739563 0.653124988079071 0.0859379991889 0.11874999850988388
8 0.29374998807907104 0.628125011920929 0.04062499850988388 0.05624999850988388
8 0.31171900033950806 0.7507809996604919 0.0703120008111 0.08281199634075165
8 0.390625 0.7515630125999451 0.078125 0.08749999850988388
8 0.675000011920929 0.6828129887580872 0.08437500149011612 0.08749999850988388
8 0.41484400629997253 0.4945310056209564 0.042187999933958054 0.054687999188899994
0 0.6796879768371582 0.611719012260437 0.0625 0.0703120008111
0 0.31328099966049194 0.46406200528144836 0.051562000066041946 0.03437500074505806
1 0.6234369874000549 0.6054689884185791 0.08749999850988388 0.1328119933605194
1 0.471094012260437 0.48124998807907104 0.06406199932098389 0.06875000149011612
9 0.5867189764976501 0.5687500238418579 0.19218799471855164 0.296875
9 0.6000000238418579 0.31718799471855164 0.30937498807907104 0.13437500596046448
