0 0.5354170203208923 0.2569440007209778 0.06875000149011612 0.11388900130987167
0 0.567969024181366 0.39120399951934814 0.0703120008111 0.1212960034608841
0 0.6377599835395813 0.37222200632095337 0.06510400027036667 0.13148100674152374
0 0.7221350073814392 0.3171299993991852 0.06406199932098389 0.12314800173044205
0 0.7317709922790527 0.1634259968996048 0.0625 0.11203700304031372
0 0.7463539838790894 0.0625 0.06770800054073334 0.11203700304031372
0 0.6182289719581604 0.15000000596046448 0.0625 0.10555599629878998
0 0.5632809996604919 0.13981500267982483 0.04010400176048279 0.10925900191068649
0 0.5718749761581421 0.567592978477478 0.06770800054073334 0.11851900070905685
0 0.6700519919395447 0.5203700065612793 0.07343800365924835 0.12592600286006927
0 0.8458330035209656 0.336573988199234 0.06458300352096558 0.11574099957942963
0 0.9036459922790527 0.33240699768066406 0.06041700020432472 0.11111100018024445
0 0.9591150283813477 0.43703699111938477 0.06093699857592583 0.12222199887037277
0 0.8942710161209106 0.45277801156044006 0.0625 0.12592600286006927
0 0.8333330154418945 0.4495370090007782 0.06875000149011612 0.11018499732017517
0 0.8661460280418396 0.6101850271224976 0.07187499850988388 0.12407399713993073
0 0.8494790196418762 0.7171300053596497 0.06145799905061722 0.11944399774074554
0 0.8776040077209473 0.8106480240821838 0.0625 0.11759299784898758
0 0.5218750238418579 0.755092978477478 0.06562499701976776 0.12314800173044205
0 0.6950520277023315 0.8981480002403259 0.06927099823951721 0.12037000060081482
1 0.49921900033950806 0.3962959945201874 0.10781300067901611 0.22407400608062744
1 0.5544270277023315 0.6782410144805908 0.12864600121974945 0.2101850062608719
1 0.7986980080604553 0.6898149847984314 0.07760400325059891 0.23888899385929108
1 0.5395830273628235 0.8740739822387695 0.14166699349880219 0.15555599331855774
