9 0.42031198740005493 0.403905987739563 0.21562500298023224 0.29531198740005493
9 0.768750011920929 0.6320310235023499 0.16875000298023224 0.1390630006790161
7 0.6499999761581421 0.28593799471855164 0.09062500298023224 0.09375
7 0.39140599966049194 0.49140599370002747 0.10781300067901611 0.1171879991889
1 0.5429689884185791 0.3343749940395355 0.09843699634075165 0.13124999403953552
1 0.658594012260437 0.5890629887580872 0.0859379991889 0.18125000596046448
6 0.5375000238418579 0.5007809996604919 0.05312500149011612 0.06718699634075165
3 0.7234370112419128 0.40312498807907104 0.078125 0.13750000298023224
8 0.6445310115814209 0.4609380066394806 0.07343800365924835 0.05937499925494194
8 0.6320310235023499 0.39140599966049194 0.07656300067901611 0.0859379991889
8 0.581250011920929 0.43281200528144836 0.078125 0.078125
8 0.5140619874000549 0.42109400033950806 0.08124999701976776 0.051562000066041946
8 0.484375 0.3695310056209564 0.07187499850988388 0.054687999188899994
8 0.46796900033950806 0.6140620112419128 0.057812999933958054 0.05000000074505806
8 0.6101559996604919 0.59375 0.057812999933958054 0.0625
