5 0.2970829904079437 0.14949700236320496 0.21250000596046448 0.12311600148677826
5 0.6116669774055481 0.22675900161266327 0.08833300322294235 0.31783899664878845
3 0.47791698575019836 0.2832910120487213 0.11583299934864044 0.1896979957818985
1 0.2908329963684082 0.24560299515724182 0.19499999284744263 0.11180900037288666
1 0.7541670203208923 0.396356999874115 0.11333300173282623 0.2977389991283417
1 0.6341670155525208 0.45917099714279175 0.13833299279212952 0.16959799826145172
1 0.6087499856948853 0.5847989916801453 0.10249999910593033 0.20979900658130646
1 0.30333301424980164 0.4415830075740814 0.08333300054073334 0.12939700484275818
1 0.4291670024394989 0.6570349931716919 0.09000000357627869 0.10050299763679504
4 0.4699999988079071 0.46922099590301514 0.09333299845457077 0.12939700484275818
4 0.47999998927116394 0.5559049844741821 0.06499999761581421 0.08417099714279175
4 0.6962500214576721 0.604898989200592 0.0925000011920929 0.14447200298309326
0 0.4124999940395355 0.5646979808807373 0.06499999761581421 0.09924600273370743
0 0.5004169940948486 0.6714820265769958 0.060832999646663666 0.09924600273370743
3 0.524167001247406 0.8222360014915466 0.07999999821186066 0.1796479970216751
2 0.492917001247406 0.9020100235939026 0.06916700303554535 0.1909549981355667
2 0.7520830035209656 0.7650750279426575 0.1441670060157776 0.18341700732707977
2 0.899167001247406 0.7349249720573425 0.20166699588298798 0.05276399850845337
2 0.9079170227050781 0.7845479846000671 0.18416699767112732 0.054019998759031296
3 0.7024999856948853 0.9183419942855835 0.12999999523162842 0.1633169949054718
3 0.7058330178260803 0.70728600025177 0.14166699349880219 0.07286400347948074
2 0.7774999737739563 0.5188440084457397 0.06333299726247787 0.2989949882030487
2 0.5529170036315918 0.7066580057144165 0.07750000059604645 0.3479900062084198
