1 0.721094012260437 0.18437500298023224 0.0859379991889 0.08749999850988388
7 0.7078120112419128 0.45625001192092896 0.09687499701976776 0.09062500298023224
7 0.47578099370002747 0.38203099370002747 0.10781300067901611 0.1171879991889
7 0.4898439943790436 0.23671899735927582 0.10468800365924835 0.11406199634075165
3 0.4789060056209564 0.23203100264072418 0.1328119933605194 0.12031300365924835
3 0.3804689943790436 0.450780987739563 0.09843699634075165 0.12343800067901611
3 0.5546879768371582 0.8296880125999451 0.078125 0.140625
0 0.4000000059604645 0.677344024181366 0.0625 0.07343800365924835
0 0.40937501192092896 0.7406250238418579 0.0625 0.06875000149011612
9 0.4023439884185791 0.4585939943790436 0.31093698740005493 0.1484380066394806
9 0.37421900033950806 0.543749988079071 0.31406301259994507 0.08749999850988388
