9 0.26875001192092896 0.4476560056209564 0.10000000149011612 0.30156299471855164
9 0.26640599966049194 0.6234369874000549 0.29218700528144836 0.12187500298023224
7 0.388280987739563 0.43671900033950806 0.09218800067901611 0.09843699634075165
7 0.6570309996604919 0.5710939764976501 0.08281199634075165 0.0859379991889
1 0.6007810235023499 0.47343799471855164 0.0859379991889 0.12187500298023224
1 0.45625001192092896 0.574999988079071 0.15312500298023224 0.11562500149011612
1 0.4570310115814209 0.7046880125999451 0.13593700528144836 0.14374999701976776
6 0.43046900629997253 0.6828129887580872 0.057812999933958054 0.0625
3 0.4960939884185791 0.4882810115814209 0.08281199634075165 0.13593700528144836
8 0.5773440003395081 0.5789059996604919 0.07656300067901611 0.08281199634075165
8 0.5359370112419128 0.643750011920929 0.04062499850988388 0.046875
8 0.5249999761581421 0.6984379887580872 0.05312500149011612 0.05624999850988388
8 0.49921900033950806 0.7507809996604919 0.042187999933958054 0.08906300365924835
8 0.43906301259994507 0.5007809996604919 0.05000000074505806 0.054687999188899994
0 0.669530987739563 0.4476560056209564 0.0703120008111 0.07343800365924835
