6 0.32239601016044617 0.5045139789581299 0.3510420024394989 0.5243059992790222
6 0.677344024181366 0.5204859972000122 0.1411460041999817 0.6423609852790833
6 0.6546869874000549 0.8024309873580933 0.12604199349880219 0.15069399774074554
6 0.28880199790000916 0.43333300948143005 0.06718699634075165 0.19861100614070892
0 0.3033849895000458 0.32291701436042786 0.03697900101542473 0.04583299905061722
0 0.6257809996604919 0.4458329975605011 0.039062000811100006 0.04583299905061722
1 0.43593698740005493 0.265625 0.09062500298023224 0.15208299458026886
1 0.5554689764976501 0.7607640027999878 0.06822899729013443 0.15902799367904663
6 0.23958300054073334 0.6395829916000366 0.0552080012857914 0.20972199738025665
6 0.7648440003395081 0.699999988079071 0.10052099823951721 0.19166700541973114
6 0.5109379887580872 0.26597198843955994 0.27708300948143005 0.2319439947605133
6 0.5111979842185974 0.3979170024394989 0.06302099674940109 0.1527779996395111
6 0.4247399866580963 0.5621529817581177 0.36302098631858826 0.09791699796915054
6 0.753125011920929 0.5517359972000122 0.3052079975605011 0.08124999701976776
6 0.5026040077209473 0.6885420083999634 0.3510420024394989 0.19652800261974335
6 0.6010419726371765 0.8034719824790955 0.08437500149011612 0.12916700541973114
