0 0.5392360091209412 0.09583300352096558 0.10069400072097778 0.125
0 0.46562498807907104 0.16990700364112854 0.09652800112962723 0.125
0 0.3822920024394989 0.21666699647903442 0.09513899683952332 0.11481499671936035
0 0.43680599331855774 0.3231480121612549 0.09305600076913834 0.12777799367904663
0 0.3572919964790344 0.3879629969596863 0.08680599927902222 0.13518500328063965
0 0.38298600912094116 0.5249999761581421 0.09375 0.13148100674152374
0 0.421875 0.6449069976806641 0.10069400072097778 0.13611100614070892
0 0.4819439947605133 0.4787040054798126 0.09305600076913834 0.12407399713993073
0 0.5333330035209656 0.5800930261611938 0.10277800261974335 0.125
0 0.6729170083999634 0.6828699707984924 0.09861099720001221 0.13055600225925446
0 0.5642359852790833 0.4111109972000122 0.08819399774074554 0.12962999939918518
0 0.7170140147209167 0.4291670024394989 0.09097199887037277 0.125
0 0.7715280055999756 0.33009299635887146 0.1069440022110939 0.13796299695968628
0 0.6812499761581421 0.18564799427986145 0.10138899832963943 0.1287039965391159
0 0.5916669964790344 0.29259300231933594 0.10000000149011612 0.12777799367904663
1 0.6590279936790466 0.4087960124015808 0.12916700541973114 0.24351899325847626
1 0.7618060111999512 0.5194439888000488 0.11527799814939499 0.26111099123954773
