6 0.35520800948143005 0.2236109972000122 0.4437499940395355 0.36388900876045227
6 0.8213539719581604 0.6083329916000366 0.17395800352096558 0.6388890147209167
6 0.23229199647903442 0.4291670024394989 0.16562500596046448 0.06666699796915054
6 0.6197919845581055 0.8197919726371765 0.11249999701976776 0.19374999403953552
6 0.7453129887580872 0.22256900370121002 0.1177079975605011 0.1118059977889061
6 0.4502600133419037 0.11388900130987167 0.30989599227905273 0.09861099720001221
6 0.2015630006790161 0.2520830035209656 0.13437500596046448 0.05555599927902222
6 0.25078099966049194 0.5430560111999512 0.35781198740005493 0.2236109972000122
6 0.5841150283813477 0.5572919845581055 0.31614598631858826 0.33125001192092896
6 0.3354170024394989 0.6475690007209778 0.2739579975605011 0.25069400668144226
1 0.5945309996604919 0.23263899981975555 0.0859379991889 0.15416699647903442
1 0.65625 0.44548600912094116 0.08854199945926666 0.15486100316047668
6 0.7807289958000183 0.35486099123954773 0.09479200094938278 0.20000000298023224
6 0.3260419964790344 0.30590298771858215 0.14374999701976776 0.1381939947605133
0 0.4598959982395172 0.746874988079071 0.04270799830555916 0.054861001670360565
0 0.549219012260437 0.15937499701976776 0.03385400027036667 0.04374999925494194
