0 0.7171869874000549 0.550000011920929 0.08124999701976776 0.06875000149011612
3 0.8273440003395081 0.3695310056209564 0.14531299471855164 0.10781300067901611
8 0.20781299471855164 0.33281299471855164 0.07187499850988388 0.06875000149011612
8 0.46875 0.38359400629997253 0.05000000074505806 0.054687999188899994
8 0.41718700528144836 0.543749988079071 0.05000000074505806 0.05312500149011612
8 0.44609400629997253 0.5898439884185791 0.057812999933958054 0.057812999933958054
8 0.3492189943790436 0.5234379768371582 0.057812999933958054 0.08437500149011612
6 0.5218750238418579 0.4023439884185791 0.05937499925494194 0.06406199932098389
7 0.7929689884185791 0.5039060115814209 0.09531199932098389 0.09218800067901611
7 0.1914059966802597 0.4156250059604645 0.09531199932098389 0.109375
1 0.1859380006790161 0.48515599966049194 0.09375 0.07656300067901611
1 0.2554689943790436 0.6023439764976501 0.15156200528144836 0.13593700528144836
1 0.5929690003395081 0.5796880125999451 0.0859379991889 0.16875000298023224
9 0.4320310056209564 0.42656299471855164 0.28281301259994507 0.18437500298023224
9 0.637499988079071 0.3945310115814209 0.109375 0.1015620008111
