8 0.31171900033950806 0.23515599966049194 0.057812999933958054 0.10468800365924835
8 0.505469024181366 0.817969024181366 0.057812999933958054 0.12343800067901611
8 0.580469012260437 0.6390619874000549 0.06406199932098389 0.109375
8 0.28125 0.49921900033950806 0.09687499701976776 0.08906300365924835
8 0.5890629887580872 0.2750000059604645 0.10312499850988388 0.09375
8 0.510155975818634 0.2773439884185791 0.06406199932098389 0.07968699932098389
8 0.5617190003395081 0.330469012260437 0.06718699634075165 0.06093699857592583
8 0.48359400033950806 0.294530987739563 0.06406199932098389 0.054687999188899994
8 0.4124999940395355 0.314844012260437 0.10000000149011612 0.09531199932098389
8 0.4375 0.6835939884185791 0.09375 0.10781300067901611
8 0.609375 0.45390599966049194 0.06562499701976776 0.06718699634075165
3 0.3343749940395355 0.25312501192092896 0.15625 0.10000000149011612
3 0.7124999761581421 0.439844012260437 0.16249999403953552 0.1328119933605194
3 0.4164060056209564 0.5578129887580872 0.11093699932098389 0.16249999403953552
3 0.19374999403953552 0.39921900629997253 0.09687499701976776 0.1578119993209839
1 0.20000000298023224 0.5218750238418579 0.20937499403953552 0.09062500298023224
1 0.2015630006790161 0.44062501192092896 0.140625 0.11249999701976776
1 0.8007810115814209 0.6945310235023499 0.1390630006790161 0.12343800067901611
1 0.37656301259994507 0.43046900629997253 0.15625 0.1859380006790161
7 0.3187499940395355 0.38359400629997253 0.13750000298023224 0.1171879991889
7 0.689844012260437 0.32343700528144836 0.13593700528144836 0.14374999701976776
7 0.653905987739563 0.39218801259994507 0.14531299471855164 0.13437500596046448
7 0.7875000238418579 0.5695310235023499 0.13437500596046448 0.1484380066394806
7 0.721094012260437 0.541405975818634 0.1390630006790161 0.1421869993209839
7 0.700780987739563 0.744530975818634 0.11406199634075165 0.1265619993209839
0 0.23359400033950806 0.5984370112419128 0.0859379991889 0.08749999850988388
0 0.3398439884185791 0.560155987739563 0.0703120008111 0.07656300067901611
0 0.388280987739563 0.6164060235023499 0.08906300365924835 0.09843699634075165
0 0.8703129887580872 0.614844024181366 0.10000000149011612 0.10468800365924835
9 0.5703120231628418 0.5007809996604919 0.22187499701976776 0.3671880066394806
9 0.497655987739563 0.5945309996604919 0.1703130006790161 0.39218801259994507
