3 0.4362500011920929 0.2657040059566498 0.10916700214147568 0.1846729964017868
3 0.7066670060157776 0.7424619793891907 0.11833299696445465 0.09296499937772751
3 0.6175000071525574 0.602387011051178 0.12166699767112732 0.16959799826145172
3 0.5262500047683716 0.5521360039710999 0.11083299666643143 0.1846729964017868
5 0.44666698575019836 0.39886900782585144 0.19666700065135956 0.2123119980096817
5 0.7470830082893372 0.8812810182571411 0.1308329999446869 0.23743699491024017
4 0.8720830082893372 0.6878139972686768 0.09583300352096558 0.1520099937915802
4 0.617917001247406 0.3159550130367279 0.07249999791383743 0.10678400099277496
4 0.3783330023288727 0.6344220042228699 0.0949999988079071 0.15577900409698486
4 0.6720830202102661 0.8385679721832275 0.06583300232887268 0.09422100335359573
0 0.9104170203208923 0.3473620116710663 0.05916700139641762 0.0866829976439476
0 0.6720830202102661 0.9359300136566162 0.060832999646663666 0.09045200049877167
1 0.5283330082893372 0.8008790016174316 0.10666699707508087 0.2223619967699051
1 0.8158329725265503 0.21922099590301514 0.11333300173282623 0.2876879870891571
1 0.588333010673523 0.434673011302948 0.14333300292491913 0.1959799975156784
1 0.29499998688697815 0.4736180007457733 0.11833299696445465 0.29145699739456177
2 0.46916699409484863 0.6067839860916138 0.1983329951763153 0.29648199677467346
2 0.7504169940948486 0.5703520178794861 0.14749999344348907 0.27889400720596313
2 0.7229170203208923 0.4239949882030487 0.15416699647903442 0.3052760064601898
2 0.4216670095920563 0.49748700857162476 0.18333299458026886 0.19849200546741486
2 0.8137500286102295 0.729898989200592 0.0925000011920929 0.24874399602413177
2 0.5445830225944519 0.6714820265769958 0.18083299696445465 0.06407000124454498
1 0.9108330011367798 0.2763819992542267 0.09833300113677979 0.08542700111865997
1 0.7412499785423279 0.3033919930458069 0.08749999850988388 0.11180900037288666
