9 0.3499999940395355 0.4625000059604645 0.30000001192092896 0.17499999701976776
9 0.33125001192092896 0.6882809996604919 0.10000000149011612 0.32343700528144836
1 0.5484380125999451 0.40312498807907104 0.10000000149011612 0.12187500298023224
1 0.650780975818634 0.45625001192092896 0.1796880066394806 0.08124999701976776
7 0.59375 0.5703120231628418 0.09375 0.09375
7 0.41718700528144836 0.5046870112419128 0.11874999850988388 0.11562500149011612
8 0.26718801259994507 0.574999988079071 0.04374999925494194 0.08749999850988388
8 0.28828099370002747 0.778905987739563 0.06406199932098389 0.0859379991889
8 0.38749998807907104 0.36796900629997253 0.04374999925494194 0.051562000066041946
8 0.47734400629997253 0.32499998807907104 0.07343800365924835 0.06875000149011612
8 0.646094024181366 0.39921900629997253 0.0859379991889 0.051562000066041946
8 0.6421880125999451 0.5093749761581421 0.05624999850988388 0.05000000074505806
8 0.581250011920929 0.48750001192092896 0.05624999850988388 0.05624999850988388
3 0.6171879768371582 0.22812500596046448 0.125 0.10000000149011612
