1 0.28125 0.203125 0.11249999701976776 0.07500000298023224
1 0.5515620112419128 0.533594012260437 0.15000000596046448 0.0703120008111
8 0.4468750059604645 0.2874999940395355 0.05312500149011612 0.0625
8 0.38984400033950806 0.3007810115814209 0.0703120008111 0.03281300142407417
8 0.296875 0.6499999761581421 0.05000000074505806 0.05000000074505806
8 0.34218698740005493 0.6804689764976501 0.07500000298023224 0.0703120008111
8 0.35624998807907104 0.7484369874000549 0.05937499925494194 0.06875000149011612
8 0.6453120112419128 0.6140620112419128 0.06562499701976776 0.05624999850988388
8 0.6156250238418579 0.41484400629997253 0.05312500149011612 0.051562000066041946
7 0.512499988079071 0.3554689884185791 0.078125 0.07656300067901611
7 0.43828099966049194 0.546875 0.09843699634075165 0.09375
3 0.35624998807907104 0.6140620112419128 0.11874999850988388 0.10000000149011612
3 0.564844012260437 0.609375 0.1015620008111 0.08749999850988388
3 0.27421900629997253 0.43593698740005493 0.26093700528144836 0.16875000298023224
