6 0.18151000142097473 0.19062499701976776 0.30260398983955383 0.34930598735809326
6 0.20859399437904358 0.6326389908790588 0.26927098631858826 0.38749998807907104
6 0.3945310115814209 0.1840279996395111 0.06093699857592583 0.21666699647903442
6 0.5320309996604919 0.4722220003604889 0.16718700528144836 0.06944400072097778
6 0.8057289719581604 0.31666699051856995 0.3510420024394989 0.5055559873580933
6 0.7010419964790344 0.6319440007209778 0.14374999701976776 0.14722199738025665
6 0.46276000142097473 0.7107639908790588 0.09947899729013443 0.19791699945926666
6 0.21223999559879303 0.7774310111999512 0.41927099227905273 0.41041699051856995
0 0.2562499940395355 0.28784701228141785 0.04895799979567528 0.06736099720001221
0 0.5653650164604187 0.24236099421977997 0.11822900176048279 0.15416699647903442
0 0.6885420083999634 0.39131900668144226 0.05208300054073334 0.07152800261974335
0 0.8140630125999451 0.6427080035209656 0.09062500298023224 0.12569400668144226
0 0.3364579975605011 0.37569400668144226 0.11458300054073334 0.16666699945926666
0 0.32057300209999084 0.5395830273628235 0.09218800067901611 0.12916700541973114
