0 0.5617190003395081 0.12465299665927887 0.12447900325059891 0.17152799665927887
0 0.7309899926185608 0.12604199349880219 0.09218800067901611 0.12708300352096558
0 0.5901039838790894 0.6208329796791077 0.03645800054073334 0.05000000074505806
0 0.31328099966049194 0.4951390027999878 0.08906300365924835 0.11111100018024445
0 0.3911460041999817 0.5829859972000122 0.1177079975605011 0.16180600225925446
0 0.19739599525928497 0.39618098735809326 0.05104200169444084 0.07013899832963943
0 0.3833329975605011 0.9166669845581055 0.05000000074505806 0.07361099869012833
1 0.2309899926185608 0.4878470003604889 0.06406199932098389 0.07708299905061722
1 0.29166701436042786 0.15069399774074554 0.0697920024394989 0.061110999435186386
6 0.37916699051856995 0.1513890027999878 0.15000000596046448 0.10416699945926666
6 0.575780987739563 0.40798598527908325 0.4921880066394806 0.08124999701976776
1 0.6158850193023682 0.5809029936790466 0.03385400027036667 0.04652800038456917
1 0.28541699051856995 0.8784719705581665 0.03750000149011612 0.05694400146603584
1 0.46171900629997253 0.8687499761581421 0.06822899729013443 0.1597220003604889
6 0.27604201436042786 0.6666669845581055 0.09062500298023224 0.19444400072097778
6 0.2153649926185608 0.3260419964790344 0.07760400325059891 0.15763899683952332
6 0.7747399806976318 0.35868099331855774 0.30677101016044617 0.08958300203084946
6 0.5528650283813477 0.7048609852790833 0.36093801259994507 0.15000000596046448
