9 0.671875 0.388280987739563 0.24062499403953552 0.29531198740005493
6 0.25859400629997253 0.22968700528144836 0.0703120008111 0.05312500149011612
3 0.19062499701976776 0.36015599966049194 0.12187500298023224 0.14531299471855164
8 0.23203100264072418 0.4648439884185791 0.07343800365924835 0.06718699634075165
8 0.49296900629997253 0.28984400629997253 0.06093699857592583 0.06093699857592583
8 0.6101559996604919 0.23125000298023224 0.057812999933958054 0.05937499925494194
8 0.4335939884185791 0.5382810235023499 0.09218800067901611 0.09531199932098389
8 0.31718799471855164 0.5718749761581421 0.07500000298023224 0.08437500149011612
8 0.34453099966049194 0.6453120112419128 0.08906300365924835 0.07187499850988388
8 0.5226560235023499 0.6359379887580872 0.09218800067901611 0.078125
1 0.234375 0.6078119874000549 0.09062500298023224 0.09062500298023224
7 0.6992189884185791 0.6734380125999451 0.09843699634075165 0.10312499850988388
7 0.43828099966049194 0.646094024181366 0.09843699634075165 0.1015620008111
1 0.4726560115814209 0.46718698740005493 0.15156200528144836 0.15625
