0 0.653905987739563 0.372655987739563 0.09531199932098389 0.09843699634075165
0 0.375 0.4117189943790436 0.09375 0.1015620008111
8 0.48593801259994507 0.3515619933605194 0.06562499701976776 0.07500000298023224
8 0.2328130006790161 0.6054689884185791 0.10625000298023224 0.0703120008111
8 0.30546900629997253 0.521094024181366 0.054687999188899994 0.06093699857592583
3 0.28125 0.5 0.15000000596046448 0.14687499403953552
3 0.4156250059604645 0.5851560235023499 0.11562500149011612 0.1546880006790161
6 0.3843750059604645 0.4898439943790436 0.06875000149011612 0.054687999188899994
1 0.4593749940395355 0.4273439943790436 0.10625000298023224 0.16093799471855164
1 0.5687500238418579 0.5695310235023499 0.14687499403953552 0.2046869993209839
