6 0.25755199790000916 0.29513901472091675 0.31718799471855164 0.5541669726371765
6 0.6578130125999451 0.6024309992790222 0.3979170024394989 0.45486098527908325
6 0.5416669845581055 0.2211810052394867 0.13854199647903442 0.12708300352096558
6 0.4486980140209198 0.8697919845581055 0.035937000066041946 0.19374999403953552
0 0.455469012260437 0.12951399385929108 0.03385400027036667 0.04652800038456917
1 0.692969024181366 0.6309030055999756 0.09843699634075165 0.14513899385929108
1 0.48177099227905273 0.7239580154418945 0.09687499701976776 0.14930599927902222
6 0.65625 0.30694401264190674 0.11249999701976776 0.4027779996395111
6 0.4312500059604645 0.19930599629878998 0.0552080012857914 0.1513890027999878
6 0.49036499857902527 0.29409700632095337 0.36302098631858826 0.15486100316047668
6 0.4263019859790802 0.5180559754371643 0.3119789958000183 0.3055559992790222
6 0.4752599895000458 0.5107640027999878 0.26197901368141174 0.25763899087905884
6 0.4169270098209381 0.7965279817581177 0.03697900101542473 0.16249999403953552
6 0.25025999546051025 0.42013901472091675 0.08802100270986557 0.19305600225925446
6 0.5322920083999634 0.8090280294418335 0.11041700094938278 0.18055599927902222
