9 0.28125 0.41874998807907104 0.31562501192092896 0.19687500596046448
9 0.5671870112419128 0.7148439884185791 0.12187500298023224 0.33906200528144836
8 0.6414059996604919 0.28437501192092896 0.0703120008111 0.07500000298023224
8 0.46562498807907104 0.27031299471855164 0.05624999850988388 0.05312500149011612
8 0.3671880066394806 0.299219012260437 0.09062500298023224 0.04531199857592583
8 0.6968749761581421 0.3789060115814209 0.0625 0.04843800142407417
8 0.6101559996604919 0.45390599966049194 0.08281199634075165 0.042187999933958054
8 0.34453099966049194 0.6757810115814209 0.08906300365924835 0.08906300365924835
8 0.5382810235023499 0.29765599966049194 0.08906300365924835 0.07968699932098389
7 0.5664060115814209 0.38359400629997253 0.12031300365924835 0.1015620008111
7 0.4585939943790436 0.5195310115814209 0.1171879991889 0.10468800365924835
1 0.4117189943790436 0.4492189884185791 0.12968799471855164 0.09843699634075165
1 0.5976560115814209 0.505469024181366 0.1734369993209839 0.07968699932098389
3 0.3632810115814209 0.5976560115814209 0.1390630006790161 0.1171879991889
