9 0.3023439943790436 0.6007810235023499 0.24531200528144836 0.32656198740005493
9 0.4781250059604645 0.38593700528144836 0.20624999701976776 0.3499999940395355
1 0.6023439764976501 0.574999988079071 0.1421869993209839 0.18437500298023224
1 0.4140619933605194 0.6328120231628418 0.09687499701976776 0.20000000298023224
1 0.46875 0.784375011920929 0.140625 0.109375
8 0.1367190033197403 0.5617190003395081 0.07656300067901611 0.0703120008111
8 0.497655987739563 0.6015620231628418 0.06406199932098389 0.0625
8 0.744530975818634 0.6601560115814209 0.06718699634075165 0.06406199932098389
7 0.5578129887580872 0.3375000059604645 0.11562500149011612 0.11249999701976776
7 0.6171879768371582 0.43046900629997253 0.125 0.12968799471855164
6 0.45781299471855164 0.7039059996604919 0.06562499701976776 0.051562000066041946
3 0.5234379768371582 0.42890599370002747 0.15000000596046448 0.09843699634075165
