8 0.747655987739563 0.47968700528144836 0.07968699932098389 0.07187499850988388
8 0.48124998807907104 0.6320310235023499 0.06875000149011612 0.06406199932098389
8 0.39218801259994507 0.8132809996604919 0.06875000149011612 0.06093699857592583
8 0.33671900629997253 0.6554690003395081 0.1015620008111 0.10468800365924835
6 0.574999988079071 0.17890599370002747 0.07500000298023224 0.0703120008111
1 0.252344012260437 0.43906301259994507 0.1546880006790161 0.11562500149011612
1 0.653905987739563 0.46015599370002747 0.2109380066394806 0.08281199634075165
1 0.4101560115814209 0.7359380125999451 0.07656300067901611 0.109375
7 0.619530975818634 0.5898439884185791 0.10781300067901611 0.11406199634075165
7 0.44062501192092896 0.4945310056209564 0.11249999701976776 0.12031300365924835
3 0.546875 0.6781250238418579 0.171875 0.14374999701976776
9 0.6257809996604919 0.7265620231628418 0.35781198740005493 0.2750000059604645
9 0.37656301259994507 0.40312498807907104 0.20000000298023224 0.3812499940395355
