8 0.48359400033950806 0.2484380006790161 0.054687999188899994 0.04374999925494194
8 0.43281200528144836 0.5226560235023499 0.08437500149011612 0.07343800365924835
8 0.3375000059604645 0.7437499761581421 0.08749999850988388 0.08437500149011612
8 0.5531250238418579 0.7609379887580872 0.08437500149011612 0.05937499925494194
8 0.6031249761581421 0.7171869874000549 0.09375 0.0625
8 0.5874999761581421 0.6703119874000549 0.05000000074505806 0.05624999850988388
8 0.21250000596046448 0.5070310235023499 0.06562499701976776 0.057812999933958054
6 0.546875 0.552344024181366 0.0625 0.06093699857592583
1 0.6921870112419128 0.544530987739563 0.15312500298023224 0.14531299471855164
1 0.26406198740005493 0.455469012260437 0.09062500298023224 0.1328119933605194
7 0.26640599966049194 0.5695310235023499 0.10468800365924835 0.1171879991889
7 0.41718700528144836 0.721875011920929 0.09375 0.10000000149011612
9 0.5515620112419128 0.31171900033950806 0.3187499940395355 0.09531199932098389
3 0.24765600264072418 0.21562500298023224 0.1390630006790161 0.109375
