8 0.19062499701976776 0.24921900033950806 0.08124999701976776 0.0703120008111
8 0.5625 0.453125 0.04374999925494194 0.08749999850988388
8 0.6359379887580872 0.44218799471855164 0.04374999925494194 0.09062500298023224
8 0.716405987739563 0.43437498807907104 0.08281199634075165 0.09375
8 0.599219024181366 0.621874988079071 0.06093699857592583 0.0625
8 0.439844012260437 0.6601560115814209 0.054687999188899994 0.06093699857592583
8 0.642969012260437 0.5039060115814209 0.07656300067901611 0.039062000811100006
9 0.4179689884185791 0.4320310056209564 0.2046869993209839 0.29531198740005493
9 0.760155975818634 0.6679689884185791 0.15156200528144836 0.15156200528144836
9 0.5765619874000549 0.357030987739563 0.09062500298023224 0.1328119933605194
9 0.646094024181366 0.6343749761581421 0.06718699634075165 0.14374999701976776
6 0.5515620112419128 0.5359370112419128 0.046875 0.07187499850988388
7 0.3648439943790436 0.611719012260437 0.09218800067901611 0.09218800067901611
7 0.6945310235023499 0.34062498807907104 0.12031300365924835 0.11562500149011612
3 0.642969012260437 0.5304690003395081 0.1328119933605194 0.08281199634075165
