3 0.4362500011920929 0.315326988697052 0.13916699588298798 0.07035200297832489
3 0.18208299577236176 0.7324119806289673 0.1441670060157776 0.10552799701690674
1 0.21958300471305847 0.6407039761543274 0.1958329975605011 0.12562799453735352
1 0.5224999785423279 0.19974899291992188 0.1983329951763153 0.15326599776744843
1 0.4937500059604645 0.3982410132884979 0.14583300054073334 0.17587900161743164
1 0.5537499785423279 0.456030011177063 0.14249999821186066 0.18592999875545502
5 0.7875000238418579 0.2179650068283081 0.19666700065135956 0.22738699615001678
5 0.6816669702529907 0.33982399106025696 0.08833300322294235 0.3253769874572754
1 0.8558329939842224 0.41520100831985474 0.07000000029802322 0.13442200422286987
1 0.9029170274734497 0.3856779932975769 0.05083300173282623 0.13316600024700165
4 0.768750011920929 0.772612988948822 0.10416699945926666 0.14070400595664978
4 0.5620830059051514 0.7066580057144165 0.09583300352096558 0.13944700360298157
4 0.6045830249786377 0.5986179709434509 0.07249999791383743 0.10929600149393082
3 0.5954170227050781 0.2983669936656952 0.12250000238418579 0.13944700360298157
3 0.3208329975605011 0.9371860027313232 0.125 0.11808999627828598
0 0.8849999904632568 0.5433419942855835 0.05999999865889549 0.09673400223255157
0 0.6487500071525574 0.5276380181312561 0.039167001843452454 0.08793999999761581
2 0.3641670048236847 0.5552759766578674 0.09833300113677979 0.3869349956512451
2 0.41916701197624207 0.5891960263252258 0.036667000502347946 0.30653300881385803
2 0.7074999809265137 0.5069100260734558 0.03166700154542923 0.3580400049686432
2 0.5391669869422913 0.5521360039710999 0.20999999344348907 0.13442200422286987
2 0.550000011920929 0.6293969750404358 0.18000000715255737 0.07035200297832489
2 0.6025000214576721 0.8687189817428589 0.054999999701976776 0.26256299018859863
