7 0.37421900033950806 0.25468799471855164 0.09531199932098389 0.10625000298023224
7 0.439844012260437 0.263280987739563 0.0859379991889 0.08281199634075165
8 0.6242190003395081 0.6453120112419128 0.051562000066041946 0.05624999850988388
8 0.4570310115814209 0.6390619874000549 0.04531199857592583 0.05624999850988388
8 0.6343749761581421 0.4468750059604645 0.05312500149011612 0.046875
8 0.49531200528144836 0.4296880066394806 0.08749999850988388 0.08437500149011612
8 0.5546879768371582 0.4789060056209564 0.078125 0.042187999933958054
8 0.6109380125999451 0.515625 0.05937499925494194 0.078125
8 0.666405975818634 0.4921880066394806 0.07656300067901611 0.08124999701976776
9 0.689844012260437 0.314844012260437 0.27968698740005493 0.22343799471855164
9 0.45156198740005493 0.5117189884185791 0.20624999701976776 0.29218700528144836
1 0.46406200528144836 0.3492189943790436 0.11562500149011612 0.10468800365924835
1 0.677344024181366 0.544530987739563 0.16718700528144836 0.07968699932098389
3 0.5929690003395081 0.31953099370002747 0.07656300067901611 0.07656300067901611
6 0.567969024181366 0.544530987739563 0.04843800142407417 0.06406199932098389
