8 0.6359379887580872 0.26718801259994507 0.06562499701976776 0.07187499850988388
8 0.6242190003395081 0.40156200528144836 0.051562000066041946 0.05937499925494194
8 0.517969012260437 0.6515629887580872 0.06093699857592583 0.08437500149011612
8 0.17109400033950806 0.48281198740005493 0.054687999188899994 0.05000000074505806
8 0.234375 0.5609369874000549 0.07500000298023224 0.0625
0 0.3187499940395355 0.5328130125999451 0.06875000149011612 0.0625
0 0.638280987739563 0.5890629887580872 0.06718699634075165 0.0625
7 0.48515599966049194 0.42500001192092896 0.11406199634075165 0.10000000149011612
7 0.44609400629997253 0.5796880125999451 0.0859379991889 0.08749999850988388
1 0.5695310235023499 0.6023439764976501 0.08906300365924835 0.1265619993209839
1 0.5460940003395081 0.4320310056209564 0.1328119933605194 0.14531299471855164
3 0.2617189884185791 0.47734400629997253 0.0703120008111 0.1265619993209839
3 0.4375 0.341405987739563 0.11562500149011612 0.12031300365924835
9 0.39531299471855164 0.392969012260437 0.25 0.23906299471855164
9 0.6835939884185791 0.5171880125999451 0.30781200528144836 0.07500000298023224
