8 0.372655987739563 0.39218801259994507 0.054687999188899994 0.05937499925494194
3 0.6945310235023499 0.29765599966049194 0.0859379991889 0.12031300365924835
3 0.6328120231628418 0.39375001192092896 0.11562500149011612 0.06562499701976776
7 0.3226560056209564 0.43437498807907104 0.10468800365924835 0.09375
7 0.5554689764976501 0.3187499940395355 0.09843699634075165 0.08749999850988388
7 0.5843750238418579 0.44062501192092896 0.10312499850988388 0.09375
0 0.36093801259994507 0.575780987739563 0.05937499925494194 0.057812999933958054
0 0.3085939884185791 0.5304690003395081 0.07343800365924835 0.07656300067901611
1 0.6671879887580872 0.4570310115814209 0.11562500149011612 0.07968699932098389
9 0.4906249940395355 0.450780987739563 0.15625 0.2734380066394806
