9 0.3960939943790436 0.3695310056209564 0.28281301259994507 0.1640619933605194
9 0.6570309996604919 0.528905987739563 0.29218700528144836 0.1578119993209839
3 0.2734380066394806 0.4414060115814209 0.09062500298023224 0.1171879991889
3 0.41718700528144836 0.37421900033950806 0.11249999701976776 0.1171879991889
7 0.621874988079071 0.40937501192092896 0.08749999850988388 0.109375
7 0.40781301259994507 0.47343799471855164 0.08124999701976776 0.08749999850988388
8 0.5375000238418579 0.392969012260437 0.0625 0.07656300067901611
8 0.28984400629997253 0.552344024181366 0.08281199634075165 0.08281199634075165
8 0.48515599966049194 0.635155975818634 0.09218800067901611 0.04843800142407417
8 0.4492189884185791 0.513280987739563 0.054687999188899994 0.057812999933958054
8 0.22578099370002747 0.533594012260437 0.051562000066041946 0.057812999933958054
0 0.6554690003395081 0.6179689764976501 0.06718699634075165 0.06718699634075165
0 0.3242189884185791 0.5140619874000549 0.06093699857592583 0.0625
1 0.5460940003395081 0.47578099370002747 0.1265619993209839 0.15156200528144836
1 0.5851560235023499 0.6234369874000549 0.1015620008111 0.11562500149011612
