3 0.603905975818634 0.1289059966802597 0.09218800067901611 0.12968799471855164
3 0.590624988079071 0.42343801259994507 0.125 0.09687499701976776
1 0.6445310115814209 0.34062498807907104 0.12031300365924835 0.08749999850988388
7 0.4000000059604645 0.1390630006790161 0.10625000298023224 0.09687499701976776
7 0.421875 0.22890600562095642 0.09375 0.11406199634075165
7 0.7070310115814209 0.7039059996604919 0.08281199634075165 0.0859379991889
0 0.299219012260437 0.3960939943790436 0.06406199932098389 0.06093699857592583
0 0.41328099370002747 0.703125 0.07343800365924835 0.08124999701976776
8 0.4570310115814209 0.5109379887580872 0.042187999933958054 0.05312500149011612
9 0.2617189884185791 0.4593749940395355 0.29531198740005493 0.10000000149011612
