1 0.2079170048236847 0.7619349956512451 0.19750000536441803 0.11683399975299835
1 0.4733330011367798 0.4283919930458069 0.1166670024394989 0.22110599279403687
1 0.40916699171066284 0.5565329790115356 0.11833299696445465 0.22613100707530975
1 0.6087499856948853 0.40452298521995544 0.09083300083875656 0.29145699739456177
5 0.5600000023841858 0.06783899664878845 0.12333299964666367 0.13316600024700165
5 0.38666701316833496 0.19786399602890015 0.1166670024394989 0.30778899788856506
4 0.6875 0.17462299764156342 0.07833299785852432 0.11055299639701843
4 0.9166669845581055 0.4396980106830597 0.0949999988079071 0.14321599900722504
4 0.4437499940395355 0.25879400968551636 0.0925000011920929 0.1356779932975769
4 0.4050000011920929 0.9510049819946289 0.07000000029802322 0.0979899987578392
2 0.7712500095367432 0.4937190115451813 0.24916699528694153 0.16582900285720825
2 0.9241669774055481 0.7989950180053711 0.15166699886322021 0.228643000125885
2 0.5212500095367432 0.8473619818687439 0.100832998752594 0.3052760064601898
2 0.4083330035209656 0.6809049844741821 0.09666699916124344 0.29145699739456177
2 0.7020829916000366 0.6469849944114685 0.17416700720787048 0.12311600148677826
2 0.512499988079071 0.13253800570964813 0.05833299830555916 0.2600499987602234
1 0.6708329916000366 0.30716100335121155 0.07833299785852432 0.11180900037288666
1 0.42250001430511475 0.837939977645874 0.05000000074505806 0.13316600024700165
3 0.5970829725265503 0.6777639985084534 0.06916700303554535 0.21482400596141815
3 0.48625001311302185 0.8410800099372864 0.08583299815654755 0.19221100211143494
0 0.3483330011367798 0.8869349956512451 0.05999999865889549 0.08040200173854828
0 0.32958298921585083 0.7958539724349976 0.060832999646663666 0.07160799950361252
3 0.5308330059051514 0.559673011302948 0.1166670024394989 0.14447200298309326
3 0.4891670048236847 0.6884419918060303 0.12166699767112732 0.1030149981379509
