8 0.5375000238418579 0.4476560056209564 0.05312500149011612 0.039062000811100006
8 0.564844012260437 0.4906249940395355 0.0703120008111 0.08749999850988388
8 0.4000000059604645 0.4937500059604645 0.08437500149011612 0.08749999850988388
8 0.439844012260437 0.546875 0.07343800365924835 0.04374999925494194
8 0.503125011920929 0.5789059996604919 0.04374999925494194 0.0859379991889
8 0.5328130125999451 0.7250000238418579 0.05000000074505806 0.0625
8 0.3632810115814209 0.6968749761581421 0.057812999933958054 0.05000000074505806
3 0.5093749761581421 0.377344012260437 0.08437500149011612 0.0859379991889
7 0.28593799471855164 0.3062500059604645 0.10312499850988388 0.11249999701976776
7 0.357030987739563 0.3187499940395355 0.09218800067901611 0.09062500298023224
1 0.37578099966049194 0.40703099966049194 0.12343800067901611 0.11093699932098389
1 0.47343799471855164 0.4570310115814209 0.0625 0.06718699634075165
6 0.43046900629997253 0.606249988079071 0.057812999933958054 0.06562499701976776
9 0.359375 0.572655975818634 0.20624999701976776 0.29843801259994507
9 0.6078119874000549 0.377344012260437 0.28437501192092896 0.2328130006790161
