6 0.6609370112419128 0.3164060115814209 0.078125 0.0703120008111
6 0.48124998807907104 0.5234379768371582 0.078125 0.06562499701976776
0 0.7382810115814209 0.42656299471855164 0.08906300365924835 0.09687499701976776
0 0.49687498807907104 0.690625011920929 0.09375 0.09687499701976776
8 0.5062500238418579 0.3789060115814209 0.09062500298023224 0.1015620008111
8 0.45156198740005493 0.44843700528144836 0.09687499701976776 0.09687499701976776
8 0.4882810115814209 0.596094012260437 0.09218800067901611 0.09843699634075165
8 0.3968749940395355 0.6414059996604919 0.07187499850988388 0.07656300067901611
3 0.5578129887580872 0.34843799471855164 0.09687499701976776 0.15625
7 0.6835939884185791 0.5085939764976501 0.13593700528144836 0.1484380066394806
9 0.6937500238418579 0.627344012260437 0.30937498807907104 0.32656198740005493
