9 0.557030975818634 0.628125011920929 0.27031299471855164 0.3499999940395355
9 0.31718799471855164 0.6968749761581421 0.3656249940395355 0.23125000298023224
7 0.7984380125999451 0.3812499940395355 0.13437500596046448 0.125
7 0.5382810235023499 0.5249999761581421 0.12031300365924835 0.140625
3 0.5554689764976501 0.3046880066394806 0.1640619933605194 0.109375
3 0.3843750059604645 0.330469012260437 0.15937499701976776 0.14531299471855164
3 0.30156299471855164 0.6953120231628418 0.10625000298023224 0.16875000298023224
0 0.5460940003395081 0.34453099966049194 0.08281199634075165 0.051562000066041946
0 0.47187501192092896 0.4101560115814209 0.09375 0.09531199932098389
1 0.6734380125999451 0.6242190003395081 0.20937499403953552 0.12968799471855164
