9 0.43437498807907104 0.32734400033950806 0.2874999940395355 0.27968698740005493
9 0.4117189943790436 0.7460939884185791 0.34531301259994507 0.12031300365924835
8 0.2421880066394806 0.2695310115814209 0.0625 0.06406199932098389
8 0.6320310235023499 0.2226559966802597 0.08906300365924835 0.10781300067901611
8 0.5562499761581421 0.560155987739563 0.05937499925494194 0.051562000066041946
8 0.5640630125999451 0.78125 0.05312500149011612 0.05312500149011612
8 0.4257810115814209 0.614844024181366 0.08906300365924835 0.10468800365924835
7 0.471094012260437 0.10859400033950806 0.12031300365924835 0.10781300067901611
7 0.3960939943790436 0.6164060235023499 0.08906300365924835 0.1171879991889
0 0.23125000298023224 0.3828119933605194 0.08749999850988388 0.09062500298023224
0 0.567969024181366 0.46718698740005493 0.0703120008111 0.06875000149011612
3 0.612500011920929 0.3960939943790436 0.15000000596046448 0.08906300365924835
3 0.59375 0.5874999761581421 0.14374999701976776 0.13437500596046448
1 0.658594012260437 0.7335940003395081 0.1265619993209839 0.1421869993209839
1 0.5015630125999451 0.36406299471855164 0.13437500596046448 0.17812499403953552
