0 0.4492189884185791 0.16319400072097778 0.11510399729013443 0.15000000596046448
0 0.7135419845581055 0.3579860031604767 0.0854170024394989 0.12708300352096558
0 0.5716149806976318 0.33819401264190674 0.04635399952530861 0.05972199887037277
0 0.6338539719581604 0.35902801156044006 0.04583299905061722 0.06527800112962723
0 0.3828119933605194 0.6100689768791199 0.08333300054073334 0.11874999850988388
0 0.638280987739563 0.6763889789581299 0.11197900027036667 0.1611109972000122
0 0.32343700528144836 0.6652780175209045 0.030208000913262367 0.044443998485803604
1 0.6072919964790344 0.22986100614070892 0.0552080012857914 0.08472199738025665
1 0.6007810235023499 0.33333298563957214 0.02239600010216236 0.09305600076913834
1 0.6333330273628235 0.2743059992790222 0.0385419987142086 0.043056000024080276
1 0.6541669964790344 0.3027780055999756 0.03541700169444084 0.04583299905061722
1 0.5828120112419128 0.8958330154418945 0.08958300203084946 0.16666699945926666
6 0.5307289958000183 0.4697920083999634 0.4760420024394989 0.2715280055999756
6 0.33125001192092896 0.5121530294418335 0.07395800203084946 0.20208300650119781
6 0.32552099227905273 0.765625 0.0625 0.21319399774074554
6 0.6122400164604187 0.1274310052394867 0.3515619933605194 0.22569400072097778
6 0.8664060235023499 0.4229170083999634 0.09218800067901611 0.4083330035209656
6 0.5575519800186157 0.7079859972000122 0.05677099898457527 0.15347200632095337
