3 0.5046870112419128 0.536719024181366 0.15312500298023224 0.1328119933605194
7 0.5890629887580872 0.3539060056209564 0.10312499850988388 0.1015620008111
7 0.33515599370002747 0.6000000238418579 0.10781300067901611 0.10312499850988388
9 0.3187499940395355 0.44999998807907104 0.359375 0.15937499701976776
1 0.3968749940395355 0.1601559966802597 0.08437500149011612 0.2015630006790161
1 0.25468799471855164 0.7171869874000549 0.09687499701976776 0.10625000298023224
6 0.658594012260437 0.6078119874000549 0.08281199634075165 0.05624999850988388
8 0.341405987739563 0.4960939884185791 0.0703120008111 0.0703120008111
8 0.43828099966049194 0.6632810235023499 0.08906300365924835 0.07656300067901611
8 0.574999988079071 0.6570309996604919 0.10000000149011612 0.07343800365924835
8 0.41484400629997253 0.763280987739563 0.1015620008111 0.10781300067901611
8 0.6859369874000549 0.46562498807907104 0.06562499701976776 0.05624999850988388
8 0.6679689884185791 0.546875 0.06406199932098389 0.06562499701976776
