0 0.5085939764976501 0.30000001192092896 0.07656300067901611 0.09687499701976776
0 0.16953100264072418 0.6000000238418579 0.09843699634075165 0.09687499701976776
8 0.849219024181366 0.39765599370002747 0.1015620008111 0.09218800067901611
8 0.8500000238418579 0.486719012260437 0.0625 0.10468800365924835
8 0.6640620231628418 0.5539060235023499 0.08124999701976776 0.10468800365924835
8 0.40156200528144836 0.29374998807907104 0.109375 0.07187499850988388
8 0.3804689943790436 0.42265599966049194 0.06718699634075165 0.06718699634075165
8 0.2421880066394806 0.46875 0.07187499850988388 0.07187499850988388
6 0.2851560115814209 0.2773439884185791 0.06093699857592583 0.08906300365924835
6 0.41328099370002747 0.49921900033950806 0.06406199932098389 0.057812999933958054
7 0.3492189943790436 0.5617190003395081 0.10468800365924835 0.10781300067901611
7 0.517969012260437 0.755469024181366 0.1421869993209839 0.1421869993209839
9 0.46718698740005493 0.580469012260437 0.10625000298023224 0.10781300067901611
3 0.7390620112419128 0.5242189764976501 0.11562500149011612 0.16093799471855164
