0 0.46406200528144836 0.29609400033950806 0.05937499925494194 0.06406199932098389
7 0.7093750238418579 0.40156200528144836 0.09687499701976776 0.09062500298023224
7 0.6046879887580872 0.4625000059604645 0.09062500298023224 0.09375
7 0.48906299471855164 0.5664060115814209 0.11562500149011612 0.08906300365924835
3 0.544530987739563 0.36406299471855164 0.1265619993209839 0.11562500149011612
3 0.5929690003395081 0.5578129887580872 0.0859379991889 0.13437500596046448
3 0.34375 0.3789060115814209 0.125 0.12968799471855164
1 0.29218700528144836 0.5953130125999451 0.12187500298023224 0.09062500298023224
0 0.37343698740005493 0.6625000238418579 0.078125 0.08124999701976776
9 0.388280987739563 0.41093799471855164 0.24531200528144836 0.265625
9 0.3125 0.5507810115814209 0.2874999940395355 0.21406200528144836
