8 0.1953119933605194 0.40781301259994507 0.08749999850988388 0.10000000149011612
8 0.765625 0.31953099370002747 0.09687499701976776 0.07656300067901611
0 0.4023439884185791 0.7570310235023499 0.06718699634075165 0.0859379991889
0 0.6789060235023499 0.3226560056209564 0.0703120008111 0.07968699932098389
3 0.5328130125999451 0.25468799471855164 0.14374999701976776 0.06562499701976776
3 0.5843750238418579 0.747655987739563 0.14687499403953552 0.1265619993209839
3 0.330469012260437 0.3843750059604645 0.12031300365924835 0.125
7 0.572655975818634 0.575780987739563 0.1015620008111 0.12968799471855164
7 0.502344012260437 0.2148440033197403 0.09843699634075165 0.0859379991889
1 0.5976560115814209 0.33515599370002747 0.08906300365924835 0.08906300365924835
9 0.3710939884185791 0.39375001192092896 0.31406301259994507 0.22499999403953552
9 0.3632810115814209 0.6554690003395081 0.3203119933605194 0.22968700528144836
