9 0.583594024181366 0.38749998807907104 0.35781198740005493 0.24687500298023224
3 0.22812500596046448 0.2867189943790436 0.08437500149011612 0.1640619933605194
7 0.28125 0.653905987739563 0.13124999403953552 0.12343800067901611
7 0.5484380125999451 0.606249988079071 0.109375 0.109375
1 0.658594012260437 0.31093698740005493 0.2171880006790161 0.08124999701976776
1 0.25156301259994507 0.4437499940395355 0.12187500298023224 0.15000000596046448
6 0.47343799471855164 0.2328130006790161 0.06562499701976776 0.08124999701976776
8 0.3687500059604645 0.7117189764976501 0.10312499850988388 0.1015620008111
8 0.5109379887580872 0.737500011920929 0.07187499850988388 0.07187499850988388
8 0.3984380066394806 0.49843698740005493 0.0625 0.05937499925494194
8 0.4492189884185791 0.44609400629997253 0.1015620008111 0.08906300365924835
8 0.32890599966049194 0.2484380006790161 0.0703120008111 0.06875000149011612
8 0.357030987739563 0.3242189884185791 0.051562000066041946 0.1015620008111
8 0.32343700528144836 0.4781250059604645 0.09687499701976776 0.09687499701976776
