7 0.732030987739563 0.310155987739563 0.09843699634075165 0.1171879991889
7 0.3656249940395355 0.29218700528144836 0.11874999850988388 0.10312499850988388
1 0.6000000238418579 0.43671900033950806 0.10000000149011612 0.1265619993209839
1 0.5429689884185791 0.5765619874000549 0.0703120008111 0.14687499403953552
1 0.435155987739563 0.4429689943790436 0.1640619933605194 0.07656300067901611
8 0.4375 0.34375 0.05000000074505806 0.05937499925494194
8 0.503125011920929 0.403905987739563 0.05000000074505806 0.051562000066041946
8 0.4781250059604645 0.6320310235023499 0.05312500149011612 0.057812999933958054
3 0.44453099370002747 0.7226560115814209 0.13593700528144836 0.14531299471855164
9 0.2718749940395355 0.44999998807907104 0.2562499940395355 0.28125
9 0.42656299471855164 0.559374988079071 0.296875 0.23749999701976776
