0 0.4648439884185791 0.1992190033197403 0.06093699857592583 0.06406199932098389
0 0.29843801259994507 0.5109379887580872 0.05000000074505806 0.046875
7 0.267969012260437 0.46171900629997253 0.07656300067901611 0.0703120008111
7 0.6882809996604919 0.4765619933605194 0.08281199634075165 0.09062500298023224
8 0.29843801259994507 0.6046879887580872 0.05312500149011612 0.05312500149011612
8 0.34296900033950806 0.46718698740005493 0.054687999188899994 0.046875
8 0.4804689884185791 0.6242190003395081 0.042187999933958054 0.0703120008111
8 0.5718749761581421 0.6968749761581421 0.05312500149011612 0.06562499701976776
8 0.4117189943790436 0.638280987739563 0.054687999188899994 0.06406199932098389
9 0.5664060115814209 0.3476560115814209 0.1703130006790161 0.2203119993209839
9 0.377344012260437 0.46718698740005493 0.1703130006790161 0.22499999403953552
3 0.43046900629997253 0.3187499940395355 0.10468800365924835 0.05937499925494194
3 0.588280975818634 0.484375 0.10781300067901611 0.07187499850988388
1 0.737500011920929 0.5242189764976501 0.08437500149011612 0.09218800067901611
1 0.685155987739563 0.560155987739563 0.06093699857592583 0.1328119933605194
