0 0.4593749940395355 0.26484400033950806 0.06875000149011612 0.07656300067901611
0 0.20937499403953552 0.3164060115814209 0.05937499925494194 0.057812999933958054
3 0.5617190003395081 0.31171900033950806 0.09531199932098389 0.1171879991889
3 0.4585939943790436 0.6109380125999451 0.1171879991889 0.08437500149011612
9 0.36796900629997253 0.377344012260437 0.2578119933605194 0.15156200528144836
9 0.2890619933605194 0.30000001192092896 0.19062499701976776 0.24062499403953552
8 0.18437500298023224 0.4000000059604645 0.046875 0.04062499850988388
8 0.20859399437904358 0.5375000238418579 0.07343800365924835 0.05000000074505806
8 0.16328099370002747 0.5703120231628418 0.054687999188899994 0.05937499925494194
8 0.37343698740005493 0.7109379768371582 0.05624999850988388 0.07500000298023224
8 0.41484400629997253 0.8039060235023499 0.0703120008111 0.06093699857592583
1 0.30000001192092896 0.6289060115814209 0.11249999701976776 0.07968699932098389
1 0.31562501192092896 0.48593801259994507 0.125 0.109375
7 0.1703130006790161 0.4726560115814209 0.10000000149011612 0.07968699932098389
7 0.39765599370002747 0.4429689943790436 0.08906300365924835 0.09843699634075165
