3 0.550000011920929 0.3046880066394806 0.07500000298023224 0.12187500298023224
3 0.36640599370002747 0.4179689884185791 0.09843699634075165 0.12031300365924835
8 0.33125001192092896 0.341405987739563 0.05000000074505806 0.04843800142407417
8 0.4585939943790436 0.3070310056209564 0.06406199932098389 0.07968699932098389
8 0.607030987739563 0.611719012260437 0.057812999933958054 0.07656300067901611
8 0.6257809996604919 0.669530987739563 0.057812999933958054 0.07656300067901611
8 0.557030975818634 0.732030987739563 0.042187999933958054 0.04843800142407417
7 0.27031299471855164 0.541405975818634 0.11249999701976776 0.1015620008111
7 0.31328099966049194 0.4632810056209564 0.1015620008111 0.0859379991889
0 0.29609400033950806 0.403905987739563 0.06093699857592583 0.06093699857592583
0 0.637499988079071 0.5625 0.05937499925494194 0.0625
1 0.5945309996604919 0.7570310235023499 0.08906300365924835 0.1171879991889
1 0.4585939943790436 0.3648439943790436 0.1546880006790161 0.07656300067901611
9 0.53125 0.4296880066394806 0.2718749940395355 0.17812499403953552
9 0.7039059996604919 0.541405975818634 0.08906300365924835 0.29218700528144836
