0 0.49140599370002747 0.16328099370002747 0.0703120008111 0.0703120008111
9 0.5843750238418579 0.2929689884185791 0.296875 0.21406200528144836
9 0.5171880125999451 0.862500011920929 0.30000001192092896 0.24375000596046448
8 0.3671880066394806 0.8046879768371582 0.05312500149011612 0.05624999850988388
8 0.4625000059604645 0.5765619874000549 0.09062500298023224 0.08749999850988388
8 0.42500001192092896 0.6179689764976501 0.08124999701976776 0.08906300365924835
8 0.31718799471855164 0.682030975818634 0.08124999701976776 0.0859379991889
1 0.6007810235023499 0.49843698740005493 0.1703130006790161 0.10625000298023224
1 0.5085939764976501 0.34375 0.1265619993209839 0.09687499701976776
7 0.39140599966049194 0.43828099966049194 0.09218800067901611 0.09218800067901611
7 0.3687500059604645 0.5406249761581421 0.09375 0.09062500298023224
3 0.2539060115814209 0.5687500238418579 0.13593700528144836 0.08437500149011612
0 0.4781250059604645 0.512499988079071 0.0625 0.06562499701976776
