0 0.3677079975605011 0.09027799963951111 0.0395830012857914 0.051389001309871674
0 0.4549480080604553 0.7562500238418579 0.026561999693512917 0.04027799889445305
6 0.25807300209999084 0.30972200632095337 0.36302098631858826 0.5138890147209167
6 0.2651039958000183 0.5291669964790344 0.19166700541973114 0.625
6 0.34114599227905273 0.5069440007209778 0.12812499701976776 0.14722199738025665
6 0.40703099966049194 0.26944398880004883 0.1546880006790161 0.09027799963951111
1 0.46067699790000916 0.15069399774074554 0.12239599972963333 0.09305600076913834
1 0.5091149806976318 0.44513899087905884 0.10885400325059891 0.13888899981975555
6 0.4106769859790802 0.22048600018024445 0.30781200528144836 0.09930600225925446
6 0.4291670024394989 0.3218750059604645 0.2947919964790344 0.17152799665927887
6 0.3804689943790436 0.7555559873580933 0.04427099972963333 0.16527800261974335
6 0.5606769919395447 0.7840279936790466 0.3588539958000183 0.17499999701976776
6 0.5 0.7124999761581421 0.05208300054073334 0.15833300352096558
6 0.5398439764976501 0.6583330035209656 0.1265619993209839 0.4833329916000366
6 0.47682300209999084 0.5614579916000366 0.10468800365924835 0.1923609972000122
6 0.6257809996604919 0.5510420203208923 0.06510400027036667 0.22013899683952332
