3 0.564844012260437 0.38906198740005493 0.16093799471855164 0.09375
1 0.13046899437904358 0.5421879887580872 0.2046869993209839 0.09062500298023224
1 0.5546879768371582 0.6000000238418579 0.078125 0.20624999701976776
1 0.6757810115814209 0.7421879768371582 0.1265619993209839 0.13437500596046448
7 0.736719012260437 0.265625 0.13593700528144836 0.11874999850988388
7 0.6953120231628418 0.361719012260437 0.11874999850988388 0.1015620008111
6 0.6203129887580872 0.6726559996604919 0.05624999850988388 0.08281199634075165
8 0.778905987739563 0.6109380125999451 0.06718699634075165 0.07187499850988388
8 0.6007810235023499 0.5421879887580872 0.06406199932098389 0.06875000149011612
8 0.6421880125999451 0.471094012260437 0.06875000149011612 0.06718699634075165
9 0.4164060056209564 0.6265630125999451 0.25468799471855164 0.32499998807907104
9 0.6031249761581421 0.31562501192092896 0.11874999850988388 0.35624998807907104
