8 0.5874999761581421 0.23906299471855164 0.09062500298023224 0.10000000149011612
8 0.20546899735927582 0.29765599966049194 0.06093699857592583 0.054687999188899994
8 0.28046900033950806 0.32343700528144836 0.0859379991889 0.0625
8 0.5117189884185791 0.778905987739563 0.054687999188899994 0.054687999188899994
8 0.49921900033950806 0.567969024181366 0.06718699634075165 0.054687999188899994
3 0.565625011920929 0.40546900033950806 0.14687499403953552 0.0859379991889
3 0.543749988079071 0.5945309996604919 0.13437500596046448 0.12031300365924835
0 0.1859380006790161 0.357030987739563 0.078125 0.0703120008111
0 0.48593801259994507 0.497655987739563 0.06562499701976776 0.06718699634075165
7 0.4296880066394806 0.125 0.11874999850988388 0.11249999701976776
7 0.361719012260437 0.6187499761581421 0.10781300067901611 0.10625000298023224
1 0.45468801259994507 0.4007810056209564 0.13437500596046448 0.1734369993209839
1 0.609375 0.7351559996604919 0.12187500298023224 0.14531299471855164
9 0.39140599966049194 0.32968801259994507 0.27968698740005493 0.265625
9 0.36640599370002747 0.7437499761581421 0.3359380066394806 0.11562500149011612
