0 0.37534698843955994 0.49722200632095337 0.09652800112962723 0.14259299635887146
0 0.4906249940395355 0.4217590093612671 0.09375 0.12685200572013855
0 0.5104169845581055 0.5458329916000366 0.09583300352096558 0.1287039965391159
0 0.5767359733581543 0.7648149728775024 0.09513899683952332 0.12592600286006927
0 0.6569439768791199 0.7083330154418945 0.10000000149011612 0.1333329975605011
0 0.653124988079071 0.5782409906387329 0.09652800112962723 0.13240699470043182
0 0.6746529936790466 0.4638890027999878 0.10069400072097778 0.13148100674152374
0 0.5774310231208801 0.401852011680603 0.09930600225925446 0.12222199887037277
0 0.6524310111999512 0.30694401264190674 0.09236100316047668 0.11944399774074554
0 0.7579860091209412 0.2851850092411041 0.09236100316047668 0.13518500328063965
0 0.503125011920929 0.14490699768066406 0.09652800112962723 0.1212960034608841
0 0.49479201436042786 0.2870369851589203 0.10486099869012833 0.10555599629878998
1 0.7392359972000122 0.5120369791984558 0.07430599629878998 0.257407009601593
1 0.8038190007209778 0.46805599331855774 0.08124999701976776 0.26018500328063965
1 0.5194439888000488 0.6398149728775024 0.19444400072097778 0.137036994099617
