8 0.4281249940395355 0.17656299471855164 0.05312500149011612 0.05624999850988388
8 0.5632809996604919 0.6859369874000549 0.039062000811100006 0.05000000074505806
8 0.5531250238418579 0.7382810115814209 0.05624999850988388 0.051562000066041946
8 0.525780975818634 0.7890620231628418 0.04531199857592583 0.08749999850988388
7 0.234375 0.3531250059604645 0.10000000149011612 0.09062500298023224
7 0.6890630125999451 0.6109380125999451 0.08749999850988388 0.08749999850988388
6 0.20937499403953552 0.739844024181366 0.07187499850988388 0.051562000066041946
1 0.4882810115814209 0.6101559996604919 0.15156200528144836 0.12031300365924835
1 0.4804689884185791 0.7414060235023499 0.1484380066394806 0.1421869993209839
1 0.638280987739563 0.47734400629997253 0.0859379991889 0.12031300365924835
8 0.609375 0.6000000238418579 0.05624999850988388 0.07500000298023224
0 0.7015619874000549 0.486719012260437 0.07187499850988388 0.07343800365924835
3 0.5296869874000549 0.5273439884185791 0.08124999701976776 0.1390630006790161
9 0.49140599370002747 0.408594012260437 0.27968698740005493 0.1953119933605194
9 0.30390599370002747 0.621874988079071 0.29531198740005493 0.14687499403953552
