8 0.6335939764976501 0.574999988079071 0.06718699634075165 0.05312500149011612
8 0.606249988079071 0.36796900629997253 0.05312500149011612 0.04843800142407417
8 0.4101560115814209 0.40781301259994507 0.057812999933958054 0.06562499701976776
8 0.34531301259994507 0.42343801259994507 0.07187499850988388 0.03437500074505806
8 0.2734380066394806 0.6101559996604919 0.05000000074505806 0.04843800142407417
8 0.3226560056209564 0.6390619874000549 0.07656300067901611 0.07187499850988388
8 0.3343749940395355 0.7078120112419128 0.05937499925494194 0.07187499850988388
7 0.4882810115814209 0.372655987739563 0.07968699932098389 0.07968699932098389
7 0.359375 0.533594012260437 0.10000000149011612 0.0859379991889
1 0.5093749761581421 0.49531200528144836 0.15625 0.06562499701976776
1 0.3515619933605194 0.3789060115814209 0.11249999701976776 0.07656300067901611
3 0.3359380066394806 0.5617190003395081 0.11249999701976776 0.09531199932098389
9 0.5484380125999451 0.5664060115814209 0.09687499701976776 0.07343800365924835
9 0.314844012260437 0.46562498807907104 0.28281301259994507 0.06562499701976776
