6 0.4872399866580963 0.5690969824790955 0.30052098631858826 0.5701389908790588
6 0.3190099895000458 0.6111109852790833 0.08906300365924835 0.20416699349880219
6 0.8596349954605103 0.534375011920929 0.15156200528144836 0.47152799367904663
6 0.583594024181366 0.35763901472091675 0.2098959982395172 0.34444400668144226
6 0.6861979961395264 0.5718749761581421 0.03697900101542473 0.16597199440002441
6 0.8421869874000549 0.7055559754371643 0.05833299830555916 0.20833300054073334
1 0.6421880125999451 0.6423609852790833 0.0708329975605011 0.1597220003604889
1 0.6169270277023315 0.5274310111999512 0.035937000066041946 0.061806000769138336
1 0.43229201436042786 0.6315969824790955 0.04791700094938278 0.04791700094938278
1 0.5609369874000549 0.5767359733581543 0.04270799830555916 0.10486099869012833
1 0.521094024181366 0.7888889908790588 0.04322899878025055 0.10555599629878998
0 0.7231770157814026 0.3472220003604889 0.08697900176048279 0.1333329975605011
0 0.637499988079071 0.44305598735809326 0.03333299979567528 0.04722199961543083
0 0.7552080154418945 0.6118059754371643 0.11979199945926666 0.16249999403953552
0 0.715624988079071 0.7857639789581299 0.05208300054073334 0.07708299905061722
0 0.7875000238418579 0.8913189768791199 0.0625 0.08263900130987167
0 0.47395798563957214 0.8666669726371765 0.09270799905061722 0.13194400072097778
0 0.3252600133419037 0.8826389908790588 0.13697899878025055 0.1611109972000122
