0 0.666405975818634 0.294530987739563 0.06406199932098389 0.07343800365924835
9 0.4882810115814209 0.24921900033950806 0.29218700528144836 0.1703130006790161
9 0.4273439943790436 0.5453119874000549 0.27656200528144836 0.19062499701976776
8 0.2304690033197403 0.497655987739563 0.054687999188899994 0.04531199857592583
8 0.33515599370002747 0.37031200528144836 0.07343800365924835 0.02500000037252903
8 0.580469012260437 0.6164060235023499 0.051562000066041946 0.051562000066041946
8 0.541405975818634 0.6648439764976501 0.04531199857592583 0.051562000066041946
8 0.48281198740005493 0.713280975818634 0.07500000298023224 0.07343800365924835
6 0.2874999940395355 0.5874999761581421 0.05312500149011612 0.05937499925494194
7 0.2070309966802597 0.6296870112419128 0.11406199634075165 0.09062500298023224
7 0.5945309996604919 0.5359370112419128 0.0859379991889 0.08749999850988388
1 0.1953119933605194 0.6945310235023499 0.17499999701976776 0.0703120008111
1 0.48906299471855164 0.48750001192092896 0.15937499701976776 0.10000000149011612
1 0.5195310115814209 0.46015599370002747 0.08281199634075165 0.10781300067901611
3 0.35781198740005493 0.408594012260437 0.13437500596046448 0.06093699857592583
