8 0.267969012260437 0.314844012260437 0.0703120008111 0.06718699634075165
8 0.713280975818634 0.497655987739563 0.06718699634075165 0.057812999933958054
8 0.3671880066394806 0.5531250238418579 0.05937499925494194 0.046875
8 0.6968749761581421 0.5789059996604919 0.06875000149011612 0.06718699634075165
8 0.599219024181366 0.690625011920929 0.10468800365924835 0.078125
8 0.46406200528144836 0.690625011920929 0.09062500298023224 0.08749999850988388
8 0.4414060115814209 0.7976559996604919 0.10468800365924835 0.1171879991889
1 0.42265599966049194 0.1835940033197403 0.08906300365924835 0.2015630006790161
1 0.27656200528144836 0.753125011920929 0.10625000298023224 0.11562500149011612
7 0.6156250238418579 0.3828119933605194 0.10312499850988388 0.10625000298023224
7 0.359375 0.6320310235023499 0.10625000298023224 0.10468800365924835
3 0.533594012260437 0.5664060115814209 0.1546880006790161 0.12968799471855164
6 0.6867190003395081 0.638280987739563 0.08281199634075165 0.057812999933958054
9 0.34375 0.482030987739563 0.3656249940395355 0.1703130006790161
