3 0.29765599966049194 0.3125 0.1421869993209839 0.078125
1 0.6921870112419128 0.39140599966049194 0.16562500596046448 0.1484380066394806
1 0.20781299471855164 0.46562498807907104 0.09062500298023224 0.14374999701976776
8 0.5718749761581421 0.7585939764976501 0.09375 0.057812999933958054
8 0.5859379768371582 0.689844012260437 0.0625 0.06718699634075165
8 0.31093698740005493 0.7257810235023499 0.0625 0.09843699634075165
8 0.33515599370002747 0.533594012260437 0.0859379991889 0.09218800067901611
8 0.4117189943790436 0.5265629887580872 0.06406199932098389 0.07187499850988388
8 0.43437498807907104 0.4320310056209564 0.06562499701976776 0.06718699634075165
8 0.15312500298023224 0.5140619874000549 0.05312500149011612 0.05937499925494194
6 0.47187501192092896 0.46562498807907104 0.07500000298023224 0.05312500149011612
7 0.4585939943790436 0.3539060056209564 0.12031300365924835 0.10781300067901611
7 0.2109380066394806 0.5874999761581421 0.12187500298023224 0.12812499701976776
9 0.47343799471855164 0.5351560115814209 0.26875001192092896 0.29531198740005493
