1 0.455469012260437 0.330469012260437 0.12343800067901611 0.09843699634075165
1 0.3187499940395355 0.29765599966049194 0.06875000149011612 0.07968699932098389
7 0.671875 0.252344012260437 0.11249999701976776 0.12343800067901611
7 0.6734380125999451 0.567969024181366 0.09687499701976776 0.1171879991889
3 0.28046900033950806 0.43046900629997253 0.13593700528144836 0.10781300067901611
3 0.603905975818634 0.606249988079071 0.1328119933605194 0.11249999701976776
0 0.6015620231628418 0.786719024181366 0.078125 0.07656300067901611
0 0.46718698740005493 0.6992189884185791 0.078125 0.08281199634075165
3 0.612500011920929 0.3375000059604645 0.13124999403953552 0.125
3 0.4906249940395355 0.4429689943790436 0.09375 0.0859379991889
3 0.43828099966049194 0.581250011920929 0.26718801259994507 0.26875001192092896
