8 0.4320310056209564 0.19609400629997253 0.0859379991889 0.051562000066041946
8 0.59375 0.24531200528144836 0.08749999850988388 0.08124999701976776
8 0.6484379768371582 0.45156198740005493 0.04374999925494194 0.08749999850988388
8 0.5898439884185791 0.6578130125999451 0.054687999188899994 0.05000000074505806
8 0.575780987739563 0.713280975818634 0.08906300365924835 0.07968699932098389
8 0.25703099370002747 0.5539060235023499 0.057812999933958054 0.054687999188899994
8 0.4429689943790436 0.38749998807907104 0.07968699932098389 0.08749999850988388
7 0.30937498807907104 0.3382810056209564 0.10000000149011612 0.10468800365924835
7 0.534375011920929 0.36406299471855164 0.09062500298023224 0.08749999850988388
1 0.4632810056209564 0.565625011920929 0.07656300067901611 0.078125
1 0.6468750238418579 0.5734379887580872 0.09687499701976776 0.12187500298023224
3 0.357030987739563 0.6859369874000549 0.14531299471855164 0.08437500149011612
9 0.5664060115814209 0.5585939884185791 0.1578119993209839 0.31406301259994507
9 0.3499999940395355 0.47734400629997253 0.3187499940395355 0.06718699634075165
