1 0.5554689764976501 0.5953130125999451 0.1328119933605194 0.15000000596046448
1 0.574999988079071 0.45625001192092896 0.08749999850988388 0.08749999850988388
9 0.6671879887580872 0.41328099370002747 0.08124999701976776 0.32343700528144836
9 0.47968700528144836 0.6242190003395081 0.2874999940395355 0.2265619933605194
8 0.234375 0.6445310115814209 0.08749999850988388 0.07656300067901611
8 0.33671900629997253 0.791405975818634 0.0703120008111 0.07656300067901611
8 0.5351560115814209 0.22499999403953552 0.07968699932098389 0.08437500149011612
8 0.44609400629997253 0.5375000238418579 0.035937000066041946 0.04062499850988388
8 0.43828099966049194 0.736719012260437 0.06093699857592583 0.06093699857592583
0 0.512499988079071 0.3320310115814209 0.078125 0.08281199634075165
7 0.421875 0.3960939943790436 0.10625000298023224 0.1171879991889
7 0.2874999940395355 0.5710939764976501 0.09062500298023224 0.09218800067901611
3 0.43593698740005493 0.4937500059604645 0.13124999403953552 0.06875000149011612
