6 0.3135420083999634 0.14444400370121002 0.503125011920929 0.09305600076913834
6 0.7822920083999634 0.48611098527908325 0.15208299458026886 0.12083300203084946
6 0.7440099716186523 0.6770830154418945 0.34635400772094727 0.5402780175209045
6 0.46119800209999084 0.84375 0.12343800067901611 0.17777800559997559
0 0.7596349716186523 0.24791699647903442 0.09739600121974945 0.12916700541973114
0 0.4815100133419037 0.5274310111999512 0.12135399878025055 0.15208299458026886
0 0.5317710041999817 0.6461809873580933 0.05312500149011612 0.07013899832963943
0 0.17604200541973114 0.5361109972000122 0.12812499701976776 0.16249999403953552
0 0.1651040017604828 0.8003469705581665 0.05208300054073334 0.07152800261974335
0 0.36093801259994507 0.8454859852790833 0.08854199945926666 0.12291699647903442
6 0.40625 0.5243059992790222 0.16249999403953552 0.48472198843955994
6 0.1489579975605011 0.27847200632095337 0.24791699647903442 0.41666701436042786
6 0.6523439884185791 0.3100689947605133 0.11302100121974945 0.20208300650119781
6 0.16770799458026886 0.4204860031604767 0.13958300650119781 0.17291699349880219
