0 0.8330730199813843 0.34340301156044006 0.051562000066041946 0.06736099720001221
0 0.8453130125999451 0.5118060111999512 0.12395799905061722 0.14861099421977997
0 0.4848960041999817 0.5402780175209045 0.03750000149011612 0.051389001309871674
0 0.3656249940395355 0.39826399087905884 0.09791699796915054 0.12152799963951111
0 0.5455729961395264 0.8854169845581055 0.04427099972963333 0.05555599927902222
1 0.7010419964790344 0.060763999819755554 0.03437500074505806 0.10486099869012833
1 0.8192710280418396 0.11076399683952332 0.11874999850988388 0.1020829975605011
1 0.6630210280418396 0.7447919845581055 0.09791699796915054 0.16319400072097778
1 0.5247399806976318 0.4111109972000122 0.04427099972963333 0.05555599927902222
6 0.37031200528144836 0.15243099629878998 0.15625 0.14513899385929108
6 0.44609400629997253 0.6982640027999878 0.09531199932098389 0.20763899385929108
6 0.6114580035209656 0.5871530175209045 0.16249999403953552 0.47430598735809326
6 0.5664060115814209 0.2319439947605133 0.3119789958000183 0.10138899832963943
6 0.5666670203208923 0.5621529817581177 0.10000000149011612 0.10763899981975555
6 0.8242189884185791 0.28437501192092896 0.1473959982395172 0.13541699945926666
6 0.44843700528144836 0.44305598735809326 0.4229170083999634 0.4083330035209656
6 0.7580729722976685 0.7486109733581543 0.07760400325059891 0.20138899981975555
