1 0.674219012260437 0.675000011920929 0.0859379991889 0.12187500298023224
1 0.5015630125999451 0.646094024181366 0.14687499403953552 0.1390630006790161
3 0.6632810235023499 0.32343700528144836 0.13593700528144836 0.08437500149011612
3 0.4765619933605194 0.5234379768371582 0.125 0.07500000298023224
8 0.43906301259994507 0.35468700528144836 0.078125 0.07500000298023224
8 0.3242189884185791 0.534375011920929 0.04843800142407417 0.04062499850988388
8 0.4437499940395355 0.713280975818634 0.04062499850988388 0.057812999933958054
8 0.502344012260437 0.7257810235023499 0.07656300067901611 0.08281199634075165
8 0.5984370112419128 0.6234369874000549 0.08124999701976776 0.05000000074505806
7 0.20624999701976776 0.3945310115814209 0.11249999701976776 0.11406199634075165
7 0.36250001192092896 0.6164060235023499 0.08749999850988388 0.08906300365924835
0 0.5 0.37656301259994507 0.05937499925494194 0.05624999850988388
0 0.20078100264072418 0.4648439884185791 0.07656300067901611 0.07968699932098389
9 0.31171900033950806 0.37656301259994507 0.16718700528144836 0.296875
9 0.5226560235023499 0.4414060115814209 0.31093698740005493 0.09843699634075165
