1 0.5796880125999451 0.3632810115814209 0.06875000149011612 0.0703120008111
1 0.53125 0.533594012260437 0.125 0.08281199634075165
1 0.4007810056209564 0.7328119874000549 0.1421869993209839 0.140625
8 0.3023439943790436 0.49921900033950806 0.04843800142407417 0.057812999933958054
8 0.635155975818634 0.5820310115814209 0.07343800365924835 0.054687999188899994
8 0.32109400629997253 0.7226560115814209 0.051562000066041946 0.057812999933958054
8 0.3695310056209564 0.706250011920929 0.035937000066041946 0.03750000149011612
8 0.22734400629997253 0.6710940003395081 0.054687999188899994 0.08281199634075165
3 0.7124999761581421 0.5171880125999451 0.13750000298023224 0.09375
7 0.675000011920929 0.6484379768371582 0.08749999850988388 0.08749999850988388
7 0.5320309996604919 0.5851560235023499 0.0859379991889 0.08281199634075165
0 0.6085940003395081 0.684374988079071 0.07343800365924835 0.08124999701976776
9 0.34531301259994507 0.45390599966049194 0.08124999701976776 0.30781200528144836
9 0.283594012260437 0.6257809996604919 0.2890619933605194 0.16718700528144836
6 0.35781198740005493 0.8320310115814209 0.06875000149011612 0.04843800142407417
