6 0.44505199790000916 0.34444400668144226 0.48072901368141174 0.23611100018024445
6 0.7130209803581238 0.3402779996395111 0.4510419964790344 0.3291670083999634
6 0.5408849716186523 0.5774310231208801 0.1494790017604828 0.06736099720001221
6 0.572655975818634 0.7722219824790955 0.15364600718021393 0.07222200185060501
0 0.8721349835395813 0.42708298563957214 0.03489600121974945 0.05555599927902222
0 0.3575519919395447 0.4781250059604645 0.04010400176048279 0.045138999819755554
6 0.7208330035209656 0.2993060052394867 0.13750000298023224 0.14444400370121002
6 0.5638020038604736 0.8388890027999878 0.1473959982395172 0.125
1 0.796875 0.5885419845581055 0.11562500149011612 0.13263900578022003
1 0.38697901368141174 0.6336809992790222 0.07916700094938278 0.15486100316047668
6 0.39322900772094727 0.27118098735809326 0.11145800352096558 0.4854170083999634
6 0.7872400283813477 0.17326399683952332 0.23906299471855164 0.3062500059604645
6 0.5742189884185791 0.5083330273628235 0.11510399729013443 0.07500000298023224
6 0.6927080154418945 0.6013889908790588 0.11249999701976776 0.48055601119995117
6 0.4565100073814392 0.7680559754371643 0.09531199932098389 0.4083330035209656
6 0.47187501192092896 0.7347220182418823 0.06354200094938278 0.15833300352096558
