0 0.421875 0.46713000535964966 0.09236100316047668 0.11759299784898758
0 0.5065969824790955 0.46805599331855774 0.09513899683952332 0.13240699470043182
0 0.5965279936790466 0.4504629969596863 0.09444399923086166 0.13425900042057037
0 0.6920139789581299 0.46203699707984924 0.09097199887037277 0.13148100674152374
0 0.8097220063209534 0.3337959945201874 0.09861099720001221 0.13981500267982483
0 0.3499999940395355 0.5805559754371643 0.09583300352096558 0.12777799367904663
0 0.43923598527908325 0.5976849794387817 0.09236100316047668 0.13240699470043182
0 0.5218750238418579 0.6009259819984436 0.09375 0.1407410055398941
0 0.6138889789581299 0.5740739703178406 0.09722200036048889 0.13888899981975555
0 0.42708298563957214 0.7166669964790344 0.09583300352096558 0.14259299635887146
0 0.5493059754371643 0.7226849794387817 0.09444399923086166 0.11759299784898758
0 0.5756940245628357 0.3472220003604889 0.10277800261974335 0.12407399713993073
0 0.5350689888000488 0.22916699945926666 0.08958300203084946 0.11388900130987167
0 0.5916669964790344 0.11527799814939499 0.09305600076913834 0.12685200572013855
0 0.4795140027999878 0.1476850062608719 0.09930600225925446 0.12685200572013855
1 0.6295139789581299 0.281480997800827 0.10347200185060501 0.25555598735809326
1 0.6722220182418823 0.6412039995193481 0.14861099421977997 0.2509259879589081
