8 0.9015629887580872 0.3242189884185791 0.09375 0.09531199932098389
8 0.796875 0.4648439884185791 0.10625000298023224 0.1015620008111
8 0.3632810115814209 0.38359400629997253 0.1015620008111 0.09218800067901611
8 0.5039060115814209 0.25703099370002747 0.07343800365924835 0.07343800365924835
8 0.6210939884185791 0.700780987739563 0.0703120008111 0.07343800365924835
8 0.6710940003395081 0.6703119874000549 0.08281199634075165 0.109375
3 0.614844024181366 0.29843801259994507 0.1390630006790161 0.18125000596046448
7 0.18828099966049194 0.4468750059604645 0.13593700528144836 0.11562500149011612
7 0.450780987739563 0.7179690003395081 0.12968799471855164 0.13593700528144836
0 0.35078099370002747 0.609375 0.10781300067901611 0.11562500149011612
0 0.6492189764976501 0.5703120231628418 0.09843699634075165 0.10000000149011612
6 0.544530987739563 0.41093799471855164 0.07343800365924835 0.08437500149011612
6 0.1859380006790161 0.7117189764976501 0.10000000149011612 0.07343800365924835
9 0.5742189884185791 0.47343799471855164 0.40156200528144836 0.19062499701976776
