3 0.38593700528144836 0.4625000059604645 0.09062500298023224 0.06875000149011612
3 0.609375 0.419530987739563 0.06875000149011612 0.1421869993209839
3 0.6937500238418579 0.46171900629997253 0.14374999701976776 0.07656300067901611
0 0.7078120112419128 0.140625 0.08437500149011612 0.08749999850988388
0 0.30546900629997253 0.5164059996604919 0.06718699634075165 0.07343800365924835
7 0.48750001192092896 0.377344012260437 0.09375 0.09843699634075165
7 0.32109400629997253 0.4453119933605194 0.12343800067901611 0.09687499701976776
1 0.630469024181366 0.6164060235023499 0.18281200528144836 0.12343800067901611
9 0.3398439884185791 0.591405987739563 0.30781200528144836 0.2203119993209839
9 0.45156198740005493 0.27265599370002747 0.3343749940395355 0.07968699932098389
