6 0.5531250238418579 0.28046900033950806 0.05624999850988388 0.08906300365924835
6 0.5249999761581421 0.3710939884185791 0.06875000149011612 0.07656300067901611
8 0.49921900033950806 0.28125 0.057812999933958054 0.07500000298023224
8 0.53125 0.5578129887580872 0.05937499925494194 0.0625
8 0.43671900033950806 0.5851560235023499 0.08281199634075165 0.10468800365924835
8 0.3960939943790436 0.619530975818634 0.09531199932098389 0.09531199932098389
8 0.42500001192092896 0.6859369874000549 0.0625 0.05624999850988388
0 0.35624998807907104 0.7273439764976501 0.09687499701976776 0.1015620008111
0 0.6445310115814209 0.39531299471855164 0.07656300067901611 0.04062499850988388
3 0.6757810115814209 0.44218799471855164 0.1640619933605194 0.09062500298023224
7 0.4437499940395355 0.45468801259994507 0.125 0.12812499701976776
7 0.528905987739563 0.671875 0.11093699932098389 0.11249999701976776
9 0.7039059996604919 0.6882809996604919 0.25156301259994507 0.3671880066394806
