6 0.2270829975605011 0.31215301156044006 0.30937498807907104 0.1298609972000122
6 0.3075520098209381 0.44895800948143005 0.10989599674940109 0.10625000298023224
6 0.44348999857902527 0.5173609852790833 0.07239600270986557 0.14583300054073334
6 0.6338539719581604 0.6663190126419067 0.22187499701976776 0.3187499940395355
6 0.661719024181366 0.4711810052394867 0.36927101016044617 0.10347200185060501
6 0.33177098631858826 0.7347220182418823 0.36979201436042786 0.10000000149011612
1 0.3502599895000458 0.21319399774074554 0.11927100270986557 0.09861099720001221
1 0.35781198740005493 0.8267359733581543 0.12187500298023224 0.09791699796915054
6 0.20390599966049194 0.5395830273628235 0.08489599823951721 0.20416699349880219
6 0.5372400283813477 0.590624988079071 0.09739600121974945 0.18819400668144226
0 0.48411500453948975 0.2465279996395111 0.03281300142407417 0.04722199961543083
0 0.49140599370002747 0.9149309992790222 0.04010400176048279 0.04791700094938278
6 0.30651000142097473 0.5055559873580933 0.13593700528144836 0.1597220003604889
6 0.3885419964790344 0.46597200632095337 0.04895799979567528 0.20138899981975555
6 0.5119789838790894 0.6156250238418579 0.22812500596046448 0.6118059754371643
6 0.5953130125999451 0.31284698843955994 0.3375000059604645 0.5340279936790466
