7 0.4335939884185791 0.1640619933605194 0.1171879991889 0.10000000149011612
7 0.3710939884185791 0.6335939764976501 0.1015620008111 0.10781300067901611
3 0.675000011920929 0.17734399437904358 0.09687499701976776 0.12031300365924835
3 0.5664060115814209 0.43281200528144836 0.13593700528144836 0.08437500149011612
0 0.48515599966049194 0.5148440003395081 0.06406199932098389 0.06406199932098389
0 0.20546899735927582 0.3828119933605194 0.07656300067901611 0.0625
8 0.22343799471855164 0.32734400033950806 0.05937499925494194 0.051562000066041946
8 0.2929689884185791 0.3515619933605194 0.07656300067901611 0.05312500149011612
8 0.5851560235023499 0.27265599370002747 0.08281199634075165 0.08906300365924835
8 0.512499988079071 0.5953130125999451 0.078125 0.09062500298023224
8 0.5140619874000549 0.784375011920929 0.05000000074505806 0.05000000074505806
1 0.603905975818634 0.7437499761581421 0.1171879991889 0.13437500596046448
1 0.46015599370002747 0.4257810115814209 0.12968799471855164 0.1640619933605194
9 0.39765599370002747 0.36015599966049194 0.27031299471855164 0.2484380006790161
9 0.372655987739563 0.7515630125999451 0.31718799471855164 0.109375
