8 0.1578119993209839 0.32656198740005493 0.07187499850988388 0.08124999701976776
8 0.16171899437904358 0.40546900033950806 0.057812999933958054 0.04531199857592583
8 0.658594012260437 0.6390619874000549 0.054687999188899994 0.05624999850988388
8 0.5328130125999451 0.6835939884185791 0.05624999850988388 0.06093699857592583
8 0.3492189943790436 0.6945310235023499 0.0859379991889 0.057812999933958054
7 0.3031249940395355 0.35078099370002747 0.10625000298023224 0.09218800067901611
7 0.8031250238418579 0.46953099966049194 0.09687499701976776 0.0859379991889
3 0.7296879887580872 0.46562498807907104 0.06875000149011612 0.13437500596046448
0 0.7304689884185791 0.560155987739563 0.07656300067901611 0.06718699634075165
9 0.3382810056209564 0.42890599370002747 0.3046880066394806 0.07656300067901611
9 0.603905975818634 0.46718698740005493 0.0859379991889 0.3062500059604645
1 0.40156200528144836 0.5734379887580872 0.09687499701976776 0.16875000298023224
1 0.24296900629997253 0.5687500238418579 0.07343800365924835 0.171875
1 0.30390599370002747 0.603905975818634 0.1171879991889 0.0859379991889
6 0.18828099966049194 0.4726560115814209 0.0703120008111 0.051562000066041946
