1 0.23541699349880219 0.21319399774074554 0.04166699945926666 0.05555599927902222
1 0.6971349716186523 0.7475690245628357 0.10052099823951721 0.16041700541973114
6 0.40625 0.21180599927902222 0.27812498807907104 0.3680559992790222
6 0.7997400164604187 0.5979170203208923 0.1255210041999817 0.06805600225925446
6 0.09635400027036667 0.5739579796791077 0.11145800352096558 0.4131940007209778
6 0.7091150283813477 0.3041670024394989 0.5057290196418762 0.08333300054073334
6 0.4755209982395172 0.8340280055999756 0.08020800352096558 0.2138890027999878
0 0.5520830154418945 0.578125 0.09062500298023224 0.13124999403953552
0 0.15989600121974945 0.34375 0.03333299979567528 0.051389001309871674
0 0.3057290017604828 0.8996530175209045 0.05937499925494194 0.07152800261974335
0 0.2539060115814209 0.7124999761581421 0.13072900474071503 0.17499999701976776
6 0.3934899866580963 0.5326390266418457 0.10364600270986557 0.20694400370121002
1 0.2109380066394806 0.47291699051856995 0.0864579975605011 0.051389001309871674
