8 0.646094024181366 0.3164060115814209 0.09531199932098389 0.08281199634075165
8 0.44843700528144836 0.26875001192092896 0.09375 0.05000000074505806
8 0.5062500238418579 0.4625000059604645 0.08124999701976776 0.09062500298023224
8 0.706250011920929 0.5429689884185791 0.05000000074505806 0.09218800067901611
8 0.622655987739563 0.8218749761581421 0.08906300365924835 0.09062500298023224
8 0.6367189884185791 0.7585939764976501 0.054687999188899994 0.051562000066041946
8 0.27968698740005493 0.6445310115814209 0.05937499925494194 0.06718699634075165
3 0.26640599966049194 0.32734400033950806 0.1484380066394806 0.09843699634075165
7 0.2601560056209564 0.49843698740005493 0.12031300365924835 0.109375
7 0.5953130125999451 0.46875 0.10625000298023224 0.11562500149011612
1 0.512499988079071 0.6757810115814209 0.08749999850988388 0.1015620008111
1 0.703125 0.6734380125999451 0.09687499701976776 0.12812499701976776
9 0.6132810115814209 0.6570309996604919 0.1734369993209839 0.33906200528144836
9 0.39375001192092896 0.46953099966049194 0.19687500596046448 0.3359380066394806
