9 0.31953099370002747 0.23984399437904358 0.07656300067901611 0.08281199634075165
9 0.40468698740005493 0.314844012260437 0.05937499925494194 0.04843800142407417
9 0.4437499940395355 0.38906198740005493 0.05000000074505806 0.08437500149011612
9 0.528905987739563 0.421875 0.06093699857592583 0.05624999850988388
9 0.5632809996604919 0.46171900629997253 0.054687999188899994 0.07656300067901611
9 0.4585939943790436 0.7906249761581421 0.06093699857592583 0.06562499701976776
9 0.44062501192092896 0.5320309996604919 0.09062500298023224 0.051562000066041946
1 0.6812499761581421 0.35859400033950806 0.06562499701976776 0.18281200528144836
1 0.518750011920929 0.4906249940395355 0.10000000149011612 0.13124999403953552
9 0.6140620112419128 0.408594012260437 0.18125000596046448 0.3203119933605194
6 0.6359379887580872 0.3515619933605194 0.046875 0.05937499925494194
7 0.3499999940395355 0.3710939884185791 0.10000000149011612 0.12031300365924835
7 0.3343749940395355 0.8265619874000549 0.09062500298023224 0.11249999701976776
3 0.4804689884185791 0.3531250059604645 0.07968699932098389 0.13124999403953552
