9 0.6031249761581421 0.33906200528144836 0.14374999701976776 0.359375
9 0.25468799471855164 0.739844024181366 0.19374999403953552 0.35781198740005493
1 0.5242189764976501 0.24765600264072418 0.1640619933605194 0.1578119993209839
1 0.4468750059604645 0.486719012260437 0.10000000149011612 0.1015620008111
1 0.46796900033950806 0.6367189884185791 0.1859380006790161 0.1328119933605194
6 0.5921869874000549 0.7484369874000549 0.08124999701976776 0.05624999850988388
7 0.690625011920929 0.3812499940395355 0.13124999403953552 0.11249999701976776
6 0.6242190003395081 0.6648439764976501 0.1171879991889 0.13593700528144836
8 0.846875011920929 0.6054689884185791 0.078125 0.06406199932098389
8 0.5249999761581421 0.6484379768371582 0.06562499701976776 0.06875000149011612
8 0.4749999940395355 0.669530987739563 0.05937499925494194 0.054687999188899994
3 0.5265629887580872 0.5796880125999451 0.16249999403953552 0.06875000149011612
