9 0.34453099966049194 0.4609380066394806 0.31093698740005493 0.16562500596046448
9 0.5546879768371582 0.36640599370002747 0.109375 0.10468800365924835
7 0.71875 0.357030987739563 0.10000000149011612 0.09218800067901611
7 0.614844024181366 0.421875 0.09218800067901611 0.09375
7 0.3867189884185791 0.2539060115814209 0.11406199634075165 0.12031300365924835
3 0.5945309996604919 0.512499988079071 0.1328119933605194 0.10000000149011612
3 0.4468750059604645 0.37187498807907104 0.09375 0.13750000298023224
3 0.5515620112419128 0.7390620112419128 0.08437500149011612 0.140625
1 0.31093698740005493 0.557030975818634 0.12812499701976776 0.09531199932098389
0 0.39921900629997253 0.653124988079071 0.06093699857592583 0.07500000298023224
0 0.4023439884185791 0.5773440003395081 0.07343800365924835 0.07656300067901611
