0 0.5380210280418396 0.25555598735809326 0.0697920024394989 0.10370399802923203
0 0.5627599954605103 0.14166699349880219 0.03697900101542473 0.1129629984498024
0 0.6200519800186157 0.14444400370121002 0.06302099674940109 0.10555599629878998
0 0.7083330154418945 0.20694400370121002 0.06875000149011612 0.09166699647903442
0 0.7419270277023315 0.1009259968996048 0.05677099898457527 0.10555599629878998
0 0.5236979722976685 0.755092978477478 0.06302099674940109 0.1287039965391159
0 0.692969024181366 0.8949069976806641 0.07239600270986557 0.11944399774074554
0 0.875 0.8157410025596619 0.06770800054073334 0.09814800322055817
0 0.9028649926185608 0.331481009721756 0.05572900176048279 0.08333300054073334
0 0.971094012260437 0.3870370090007782 0.03697900101542473 0.05000000074505806
0 0.8505210280418396 0.30972200632095337 0.05208300054073334 0.05833299830555916
0 0.8388019800186157 0.7569440007209778 0.04322899878025055 0.043519001454114914
0 0.5583329796791077 0.3819440007209778 0.03750000149011612 0.08611100167036057
0 0.575780987739563 0.6055560111999512 0.057812999933958054 0.05740699917078018
1 0.4945310056209564 0.39444398880004883 0.10677099972963333 0.21481500566005707
1 0.5549479722976685 0.6777780055999756 0.11927100270986557 0.19444400072097778
1 0.5429689884185791 0.8745369911193848 0.1401039958000183 0.15092599391937256
1 0.7911459803581238 0.7597219944000244 0.04583299905061722 0.10648100078105927
