8 0.7124999761581421 0.5453119874000549 0.06875000149011612 0.06875000149011612
8 0.341405987739563 0.5140619874000549 0.07343800365924835 0.0625
8 0.40937501192092896 0.53125 0.07187499850988388 0.09062500298023224
8 0.44843700528144836 0.7960940003395081 0.0625 0.0703120008111
6 0.6453120112419128 0.3359380066394806 0.07500000298023224 0.06562499701976776
1 0.310155987739563 0.2890619933605194 0.1015620008111 0.14687499403953552
1 0.4781250059604645 0.26093700528144836 0.20000000298023224 0.12812499701976776
7 0.5093749761581421 0.49921900033950806 0.13124999403953552 0.12031300365924835
7 0.49140599370002747 0.6421880125999451 0.10468800365924835 0.10625000298023224
1 0.40625 0.621874988079071 0.07187499850988388 0.08437500149011612
3 0.49296900629997253 0.791405975818634 0.12031300365924835 0.1640619933605194
9 0.48750001192092896 0.40468698740005493 0.3656249940395355 0.078125
9 0.5945309996604919 0.619530975818634 0.17656299471855164 0.3671880066394806
