3 0.44062501192092896 0.15937499701976776 0.125 0.06875000149011612
3 0.32890599966049194 0.44609400629997253 0.1265619993209839 0.09218800067901611
9 0.4468750059604645 0.3125 0.2750000059604645 0.21875
9 0.6132810115814209 0.510155975818634 0.2359369993209839 0.2484380006790161
1 0.5828120112419128 0.392969012260437 0.13437500596046448 0.12968799471855164
1 0.557030975818634 0.630469024181366 0.09218800067901611 0.1171879991889
0 0.6031249761581421 0.6554690003395081 0.05312500149011612 0.057812999933958054
0 0.36093801259994507 0.510155975818634 0.0625 0.06406199932098389
7 0.435155987739563 0.5218750238418579 0.08281199634075165 0.08749999850988388
7 0.44609400629997253 0.6054689884185791 0.08906300365924835 0.11093699932098389
8 0.2874999940395355 0.6335939764976501 0.05937499925494194 0.04843800142407417
8 0.32890599966049194 0.7078120112419128 0.07656300067901611 0.08437500149011612
8 0.39375001192092896 0.810155987739563 0.07187499850988388 0.08906300365924835
8 0.47343799471855164 0.809374988079071 0.07500000298023224 0.078125
8 0.41718700528144836 0.599219024181366 0.04374999925494194 0.04531199857592583
