0 0.7484369874000549 0.17656299471855164 0.09062500298023224 0.09062500298023224
0 0.377344012260437 0.6085940003395081 0.08281199634075165 0.0859379991889
3 0.574999988079071 0.15156200528144836 0.08124999701976776 0.13124999403953552
3 0.528905987739563 0.560155987739563 0.08281199634075165 0.14531299471855164
3 0.4749999940395355 0.4625000059604645 0.13437500596046448 0.11562500149011612
1 0.685155987739563 0.6414059996604919 0.18281200528144836 0.12343800067901611
7 0.5578129887580872 0.40703099966049194 0.09062500298023224 0.09531199932098389
7 0.3203119933605194 0.8710939884185791 0.10312499850988388 0.12343800067901611
9 0.4898439943790436 0.25859400629997253 0.3203119933605194 0.09218800067901611
9 0.22812500596046448 0.33671900629997253 0.22812500596046448 0.2890619933605194
