3 0.5109379887580872 0.19218799471855164 0.08749999850988388 0.12187500298023224
3 0.4375 0.6187499761581421 0.06875000149011612 0.12187500298023224
8 0.28203099966049194 0.4124999940395355 0.051562000066041946 0.04374999925494194
8 0.44453099370002747 0.44453099370002747 0.07656300067901611 0.07968699932098389
8 0.752344012260437 0.528905987739563 0.06093699857592583 0.051562000066041946
8 0.59375 0.7492190003395081 0.05937499925494194 0.0703120008111
8 0.5742189884185791 0.6984379887580872 0.06718699634075165 0.06875000149011612
0 0.2484380006790161 0.4804689884185791 0.0625 0.06093699857592583
0 0.635155975818634 0.6476560235023499 0.06093699857592583 0.06093699857592583
9 0.6171879768371582 0.357030987739563 0.20937499403953552 0.26093700528144836
9 0.5664060115814209 0.6390619874000549 0.2109380066394806 0.26249998807907104
7 0.3515619933605194 0.49687498807907104 0.08124999701976776 0.10625000298023224
7 0.28203099966049194 0.49296900629997253 0.08281199634075165 0.1015620008111
1 0.5218750238418579 0.512499988079071 0.15937499701976776 0.09062500298023224
1 0.550000011920929 0.833594024181366 0.08749999850988388 0.12031300365924835
