8 0.14296899735927582 0.46718698740005493 0.07343800365924835 0.06562499701976776
8 0.7718750238418579 0.5507810115814209 0.06875000149011612 0.057812999933958054
8 0.515625 0.49531200528144836 0.06562499701976776 0.0625
9 0.49140599370002747 0.267969012260437 0.2171880006790161 0.35781198740005493
9 0.30937498807907104 0.4906249940395355 0.25312501192092896 0.34687501192092896
1 0.622655987739563 0.46562498807907104 0.14531299471855164 0.19687500596046448
1 0.42500001192092896 0.528124988079071 0.10000000149011612 0.203125
1 0.48906299471855164 0.6828129887580872 0.15000000596046448 0.11249999701976776
3 0.5421879887580872 0.3031249940395355 0.15937499701976776 0.125
7 0.675000011920929 0.916405975818634 0.10625000298023224 0.1390630006790161
7 0.15859399735927582 0.541405975818634 0.1390630006790161 0.12031300365924835
6 0.47578099370002747 0.607030987739563 0.06718699634075165 0.06093699857592583
