0 0.497655987739563 0.049306001514196396 0.042187999933958054 0.05277799814939499
0 0.42057299613952637 0.9222220182418823 0.03281300142407417 0.05277799814939499
6 0.3046880066394806 0.3149310052394867 0.1947920024394989 0.35902801156044006
6 0.5572919845581055 0.27847200632095337 0.31770798563957214 0.07500000298023224
6 0.6494789719581604 0.7822920083999634 0.09166699647903442 0.14236100018024445
6 0.7281249761581421 0.6486110091209412 0.16979199647903442 0.4625000059604645
6 0.8013020157814026 0.5854169726371765 0.2880209982395172 0.375
1 0.7882810235023499 0.3260419964790344 0.1338540017604828 0.09930600225925446
1 0.6242190003395081 0.5565969944000244 0.10052099823951721 0.15069399774074554
6 0.4781250059604645 0.6361110210418701 0.13958300650119781 0.17222200334072113
6 0.8723959922790527 0.49687498807907104 0.15937499701976776 0.07986100018024445
6 0.45885398983955383 0.8822919726371765 0.0625 0.2006939947605133
6 0.34791699051856995 0.6201390027999878 0.09062500298023224 0.6708329916000366
6 0.7335940003395081 0.921875 0.4921880066394806 0.12152799963951111
6 0.5223960280418396 0.40555599331855774 0.15937499701976776 0.08333300054073334
