9 0.744530975818634 0.45781299471855164 0.13593700528144836 0.44062501192092896
9 0.43437498807907104 0.4375 0.4156250059604645 0.17499999701976776
1 0.5062500238418579 0.2421880066394806 0.171875 0.12812499701976776
0 0.21562500298023224 0.5429689884185791 0.109375 0.10781300067901611
0 0.5820310115814209 0.503125011920929 0.09531199932098389 0.09062500298023224
8 0.3499999940395355 0.7093750238418579 0.09062500298023224 0.10625000298023224
8 0.3671880066394806 0.581250011920929 0.11562500149011612 0.078125
8 0.375 0.2718749940395355 0.08124999701976776 0.07187499850988388
6 0.5796880125999451 0.6289060115814209 0.06562499701976776 0.06406199932098389
6 0.310155987739563 0.536719024181366 0.08281199634075165 0.0703120008111
7 0.484375 0.33125001192092896 0.15625 0.12812499701976776
3 0.39921900629997253 0.4335939884185791 0.1265619993209839 0.1703130006790161
