5 0.7308329939842224 0.7782660126686096 0.1683329939842224 0.28517600893974304
5 0.3770830035209656 0.07851800322532654 0.08250000327825546 0.15452300012111664
1 0.2849999964237213 0.22110599279403687 0.20333300530910492 0.1306529939174652
1 0.49208301305770874 0.42776399850845337 0.13916699588298798 0.16959799826145172
1 0.5683330297470093 0.5703520178794861 0.14000000059604645 0.1909549981355667
1 0.6004170179367065 0.37814098596572876 0.07416699826717377 0.293969988822937
2 0.71875 0.32286399602890015 0.032499998807907104 0.3316580057144165
2 0.7950000166893005 0.5389450192451477 0.23666700720787048 0.08542700111865997
2 0.32374998927116394 0.37814098596572876 0.26249998807907104 0.10552799701690674
2 0.3125 0.2945980131626129 0.20499999821186066 0.08919599652290344
4 0.8062499761581421 0.3203519880771637 0.0925000011920929 0.14572900533676147
4 0.19208300113677979 0.5728639960289001 0.0708329975605011 0.10803999751806259
4 0.15416699647903442 0.6695979833602905 0.0733330026268959 0.11055299639701843
4 0.25166699290275574 0.6633170247077942 0.0949999988079071 0.14824099838733673
2 0.7479169964790344 0.3850499987602234 0.03083300031721592 0.2776379883289337
2 0.5450000166893005 0.4095480144023895 0.029999999329447746 0.19849200546741486
3 0.6608330011367798 0.3900749981403351 0.08333300054073334 0.19221100211143494
3 0.5199999809265137 0.26256299018859863 0.12333299964666367 0.10050299763679504
3 0.4120829999446869 0.5288940072059631 0.09083300083875656 0.19346700608730316
3 0.4337500035762787 0.35050299763679504 0.13916699588298798 0.0979899987578392
0 0.7904170155525208 0.4673370122909546 0.057500001043081284 0.09296499937772751
0 0.8374999761581421 0.4170849919319153 0.06166699901223183 0.08542700111865997
1 0.6354169845581055 0.19660800695419312 0.0925000011920929 0.09170900285243988
1 0.40583300590515137 0.18781399726867676 0.051667001098394394 0.07412099838256836
