6 0.2255209982395172 0.07361099869012833 0.11874999850988388 0.08333300054073334
6 0.4106769859790802 0.05624999850988388 0.30677101016044617 0.08194400370121002
6 0.2221350073814392 0.3729169964790344 0.3036459982395172 0.3388890027999878
1 0.6104170083999634 0.35763901472091675 0.04166699945926666 0.05972199887037277
1 0.6763020157814026 0.6680560111999512 0.06927099823951721 0.16805599629878998
1 0.43619799613952637 0.90625 0.03697900101542473 0.05694400146603584
1 0.5885419845581055 0.5263890027999878 0.07187499850988388 0.05277799814939499
1 0.40703099966049194 0.1177079975605011 0.06822899729013443 0.05624999850988388
6 0.5356770157814026 0.8138890266418457 0.09010399878025055 0.20694400370121002
0 0.5067710280418396 0.39236098527908325 0.11249999701976776 0.16388900578022003
0 0.388280987739563 0.41145798563957214 0.03385400027036667 0.04791700094938278
0 0.41822901368141174 0.59375 0.09687499701976776 0.12361100316047668
0 0.36796900629997253 0.8010420203208923 0.12343800067901611 0.14930599927902222
0 0.30651000142097473 0.8982639908790588 0.051562000066041946 0.06597200036048889
0 0.24088500440120697 0.6454859972000122 0.04635399952530861 0.06319399923086166
6 0.2817710041999817 0.5631939768791199 0.1635420024394989 0.6416670083999634
6 0.18828099966049194 0.45694398880004883 0.12447900325059891 0.1597220003604889
0 0.25520798563957214 0.4618059992790222 0.0864579975605011 0.12083300203084946
