0 0.8374999761581421 0.41874998807907104 0.09687499701976776 0.09687499701976776
0 0.46562498807907104 0.5351560115814209 0.08749999850988388 0.08906300365924835
0 0.43593698740005493 0.6484379768371582 0.09375 0.09687499701976776
7 0.7179690003395081 0.5406249761581421 0.11093699932098389 0.10625000298023224
7 0.33671900629997253 0.703125 0.10468800365924835 0.11874999850988388
7 0.35468700528144836 0.25859400629997253 0.10312499850988388 0.10468800365924835
8 0.697655975818634 0.28828099370002747 0.09843699634075165 0.09531199932098389
8 0.6085940003395081 0.29218700528144836 0.09843699634075165 0.09687499701976776
8 0.4023439884185791 0.3320310115814209 0.09843699634075165 0.07656300067901611
8 0.19296899437904358 0.28281301259994507 0.09843699634075165 0.09062500298023224
8 0.36640599370002747 0.6492189764976501 0.08906300365924835 0.10468800365924835
8 0.603905975818634 0.482030987739563 0.06093699857592583 0.054687999188899994
8 0.6171879768371582 0.5359370112419128 0.0625 0.0625
1 0.5109379887580872 0.2695310115814209 0.13437500596046448 0.2015630006790161
1 0.503125011920929 0.28281301259994507 0.13750000298023224 0.13124999403953552
1 0.419530987739563 0.390625 0.2015630006790161 0.08437500149011612
3 0.26406198740005493 0.2578119933605194 0.109375 0.15312500298023224
3 0.5375000238418579 0.5265629887580872 0.109375 0.14374999701976776
9 0.5218750238418579 0.4296880066394806 0.3843750059604645 0.14374999701976776
9 0.26640599966049194 0.484375 0.32968801259994507 0.2593750059604645
9 0.4789060056209564 0.71875 0.29531198740005493 0.3187499940395355
