9 0.47578099370002747 0.6468750238418579 0.10468800365924835 0.3031249940395355
9 0.3164060115814209 0.4749999940395355 0.27968698740005493 0.17499999701976776
8 0.4320310056209564 0.3179689943790436 0.06718699634075165 0.06093699857592583
8 0.34687501192092896 0.3632810115814209 0.04062499850988388 0.04843800142407417
8 0.38749998807907104 0.53125 0.04374999925494194 0.08124999701976776
8 0.3789060115814209 0.736719012260437 0.06718699634075165 0.08281199634075165
8 0.6000000238418579 0.38906198740005493 0.08437500149011612 0.05312500149011612
8 0.5898439884185791 0.4937500059604645 0.054687999188899994 0.046875
8 0.44609400629997253 0.46796900033950806 0.054687999188899994 0.06093699857592583
7 0.5460940003395081 0.5515620112419128 0.0859379991889 0.08749999850988388
7 0.45781299471855164 0.466405987739563 0.09375 0.09218800067901611
1 0.503125011920929 0.40546900033950806 0.09687499701976776 0.1171879991889
1 0.6000000238418579 0.4453119933605194 0.16875000298023224 0.078125
3 0.30156299471855164 0.5304690003395081 0.125 0.07656300067901611
