5 0.6924999952316284 0.17211100459098816 0.15333299338817596 0.293969988822937
1 0.25874999165534973 0.4497489929199219 0.11249999701976776 0.2814069986343384
1 0.574167013168335 0.23115600645542145 0.11333300173282623 0.22110599279403687
1 0.5724999904632568 0.4296480119228363 0.16500000655651093 0.23618100583553314
1 0.3787499964237213 0.8203520178794861 0.10583300143480301 0.2110549956560135
5 0.4300000071525574 0.33982399106025696 0.19499999284744263 0.20728600025177002
1 0.7262499928474426 0.5056530237197876 0.08916699886322021 0.11683399975299835
1 0.22041699290275574 0.66771399974823 0.0925000011920929 0.08919599652290344
4 0.34916698932647705 0.23555299639701843 0.09333299845457077 0.10929600149393082
4 0.6520829796791077 0.45288899540901184 0.07416699826717377 0.10929600149393082
4 0.713333010673523 0.7336680293083191 0.09166699647903442 0.14321599900722504
4 0.5199999809265137 0.7380650043487549 0.05833299830555916 0.09673400223255157
0 0.21416699886322021 0.5898240208625793 0.06333299726247787 0.08919599652290344
0 0.21958300471305847 0.748744010925293 0.06416700035333633 0.09045200049877167
2 0.41541698575019836 0.6953520178794861 0.2558329999446869 0.1469849944114685
2 0.8391669988632202 0.7663319706916809 0.13666699826717377 0.2613070011138916
2 0.507082998752594 0.9001259803771973 0.20583300292491913 0.10175900161266327
2 0.5620830059051514 0.6878139972686768 0.03750000149011612 0.3479900062084198
3 0.7024999856948853 0.5860549807548523 0.11999999731779099 0.15954799950122833
3 0.6404169797897339 0.6168339848518372 0.11249999701976776 0.1683419942855835
3 0.6200000047683716 0.7594220042228699 0.06166699901223183 0.22487400472164154
3 0.7379170060157776 0.873744010925293 0.14249999821186066 0.09422100335359573
2 0.41166698932647705 0.5018839836120605 0.08333300054073334 0.25
2 0.800000011920929 0.7820349931716919 0.10833299905061722 0.22738699615001678
