6 0.30833300948143005 0.3770830035209656 0.0552080012857914 0.4902780055999756
6 0.35624998807907104 0.44999998807907104 0.05312500149011612 0.4097220003604889
6 0.45156198740005493 0.6145830154418945 0.07395800203084946 0.39444398880004883
6 0.5617190003395081 0.41527798771858215 0.08385399729013443 0.1430560052394867
6 0.6690099835395813 0.4326390027999878 0.12239599972963333 0.06527800112962723
6 0.4117189943790436 0.7684029936790466 0.30989599227905273 0.32152798771858215
6 0.3104169964790344 0.33194398880004883 0.5062500238418579 0.07638899981975555
6 0.42656299471855164 0.5434030294418335 0.13437500596046448 0.0854170024394989
6 0.5893229842185974 0.6159719824790955 0.13489599525928497 0.11527799814939499
6 0.46171900629997253 0.6305559873580933 0.34843799471855164 0.5166670083999634
1 0.13463500142097473 0.44062501192092896 0.12135399878025055 0.11319400370121002
1 0.39583298563957214 0.6850690245628357 0.12291699647903442 0.09930600225925446
6 0.42994800209999084 0.30138900876045227 0.13802100718021393 0.05833299830555916
6 0.4966149926185608 0.49826401472091675 0.1546880006790161 0.11874999850988388
0 0.3945310115814209 0.4468750059604645 0.03385400027036667 0.050693999975919724
