6 0.5148440003395081 0.15173600614070892 0.30156299471855164 0.1909720003604889
6 0.5981770157814026 0.38993099331855774 0.04947900027036667 0.16875000298023224
6 0.24140599370002747 0.4868060052394867 0.12343800067901611 0.39722201228141785
6 0.5276039838790894 0.8041669726371765 0.06562499701976776 0.17361100018024445
0 0.47630199790000916 0.34791699051856995 0.04322899878025055 0.048611000180244446
0 0.5838540196418762 0.6263890266418457 0.03541700169444084 0.05000000074505806
1 0.6986979842185974 0.20902800559997559 0.0859379991889 0.043056000024080276
1 0.359375 0.5354170203208923 0.0395830012857914 0.10555599629878998
1 0.37031200528144836 0.3618060052394867 0.04583299905061722 0.05555599927902222
1 0.45572900772094727 0.5385419726371765 0.04166699945926666 0.06736099720001221
1 0.7489579916000366 0.43784698843955994 0.09375 0.15347200632095337
1 0.34296900033950806 0.7354170083999634 0.08697900176048279 0.16527800261974335
