8 0.48359400033950806 0.2046869993209839 0.057812999933958054 0.0625
8 0.390625 0.299219012260437 0.07187499850988388 0.08281199634075165
8 0.5710939764976501 0.7515630125999451 0.054687999188899994 0.0625
8 0.27812498807907104 0.6632810235023499 0.06875000149011612 0.06093699857592583
6 0.7304689884185791 0.640625 0.06718699634075165 0.05624999850988388
1 0.6578130125999451 0.44609400629997253 0.17812499403953552 0.07656300067901611
1 0.5531250238418579 0.3648439943790436 0.11874999850988388 0.09843699634075165
1 0.5164059996604919 0.296875 0.17656299471855164 0.07187499850988388
7 0.38593700528144836 0.5609369874000549 0.11562500149011612 0.11562500149011612
7 0.46562498807907104 0.6234369874000549 0.08749999850988388 0.09062500298023224
9 0.2890619933605194 0.5273439884185791 0.3062500059604645 0.1796880066394806
9 0.5304690003395081 0.6468750238418579 0.13593700528144836 0.32499998807907104
3 0.2734380066394806 0.8046879768371582 0.13437500596046448 0.13750000298023224
