5 0.19291700422763824 0.13379399478435516 0.08583299815654755 0.2650749981403351
5 0.7400000095367432 0.9007539749145508 0.12833300232887268 0.19849200546741486
1 0.29291701316833496 0.2386929988861084 0.19416700303554535 0.1306529939174652
1 0.35624998807907104 0.6972360014915466 0.14083300530910492 0.15577900409698486
1 0.5170829892158508 0.6337940096855164 0.18250000476837158 0.23241199553012848
1 0.35374999046325684 0.8925880193710327 0.100832998752594 0.20728600025177002
0 0.6854169964790344 0.3586679995059967 0.0625 0.09924600273370743
0 0.731249988079071 0.4409550130367279 0.06750000268220901 0.09547699987888336
4 0.25416699051856995 0.6526380181312561 0.07166700065135956 0.10427100211381912
4 0.23208299279212952 0.7223619818687439 0.0708329975605011 0.10803999751806259
4 0.30708301067352295 0.8203520178794861 0.09583300352096558 0.14321599900722504
4 0.6620830297470093 0.0866829976439476 0.09416700154542923 0.15075400471687317
2 0.6033329963684082 0.26821601390838623 0.0733330026268959 0.3203519880771637
2 0.8199999928474426 0.5175880193710327 0.2416670024394989 0.07035200297832489
2 0.39333298802375793 0.4886929988861084 0.23333300650119781 0.2336679995059967
3 0.5379170179367065 0.22675900161266327 0.12416700273752213 0.1143219992518425
3 0.5837500095367432 0.4623120129108429 0.11749999970197678 0.11557800322771072
2 0.38624998927116394 0.3316580057144165 0.20416699349880219 0.09045200049877167
3 0.38541701436042786 0.5603020191192627 0.13916699588298798 0.13316600024700165
3 0.3245829939842224 0.6030150055885315 0.1358329951763153 0.1306529939174652
2 0.6316670179367065 0.30150800943374634 0.05999999865889549 0.26381900906562805
2 0.5133330225944519 0.4195980131626129 0.0733330026268959 0.26381900906562805
1 0.4808329939842224 0.40389400720596313 0.06499999761581421 0.13442200422286987
1 0.6625000238418579 0.4943470060825348 0.05666700005531311 0.13190999627113342
