6 0.44062501192092896 0.47343799471855164 0.0625 0.08124999701976776
3 0.4921880066394806 0.7671880125999451 0.17812499403953552 0.14687499403953552
8 0.46953099966049194 0.8484370112419128 0.06718699634075165 0.08124999701976776
8 0.42343801259994507 0.9156249761581421 0.05624999850988388 0.07187499850988388
8 0.361719012260437 0.1445309966802597 0.0703120008111 0.07656300067901611
1 0.5195310115814209 0.27968698740005493 0.1265619993209839 0.21562500298023224
1 0.606249988079071 0.3492189943790436 0.15625 0.11093699932098389
1 0.361719012260437 0.22578099370002747 0.20781299471855164 0.12968799471855164
7 0.27265599370002747 0.46718698740005493 0.12031300365924835 0.12187500298023224
7 0.5765619874000549 0.682030975818634 0.109375 0.11406199634075165
9 0.6023439764976501 0.5898439884185791 0.29218700528144836 0.3515619933605194
9 0.33906200528144836 0.6554690003395081 0.3843750059604645 0.1953119933605194
