6 0.4375 0.33906200528144836 0.0625 0.07500000298023224
6 0.3539060056209564 0.653124988079071 0.08906300365924835 0.05937499925494194
7 0.34218698740005493 0.543749988079071 0.11249999701976776 0.11249999701976776
7 0.6492189764976501 0.6007810235023499 0.1421869993209839 0.12031300365924835
0 0.8289059996604919 0.46406200528144836 0.0859379991889 0.08437500149011612
0 0.5 0.609375 0.09062500298023224 0.10312499850988388
8 0.45234400033950806 0.6671879887580872 0.1015620008111 0.05312500149011612
8 0.572655975818634 0.6632810235023499 0.07343800365924835 0.11093699932098389
8 0.6968749761581421 0.6757810115814209 0.09375 0.11093699932098389
8 0.5734379887580872 0.7749999761581421 0.05312500149011612 0.06875000149011612
8 0.706250011920929 0.359375 0.09062500298023224 0.09375
8 0.53125 0.375 0.0625 0.06875000149011612
3 0.565625011920929 0.3335939943790436 0.16875000298023224 0.13593700528144836
9 0.4625000059604645 0.42500001192092896 0.3812499940395355 0.22812500596046448
