8 0.599219024181366 0.267969012260437 0.06406199932098389 0.10468800365924835
8 0.5429689884185791 0.33906200528144836 0.08906300365924835 0.11562500149011612
8 0.7648440003395081 0.5320309996604919 0.12031300365924835 0.07343800365924835
8 0.560155987739563 0.5203120112419128 0.06406199932098389 0.05937499925494194
8 0.5718749761581421 0.5789059996604919 0.06562499701976776 0.0703120008111
8 0.29531198740005493 0.7078120112419128 0.09687499701976776 0.10312499850988388
8 0.1953119933605194 0.35624998807907104 0.09062500298023224 0.109375
8 0.33906200528144836 0.35234400629997253 0.10625000298023224 0.08281199634075165
3 0.25 0.294530987739563 0.11874999850988388 0.1546880006790161
3 0.6703119874000549 0.3804689943790436 0.18125000596046448 0.10468800365924835
3 0.502344012260437 0.6054689884185791 0.10781300067901611 0.1796880066394806
7 0.3242189884185791 0.2562499940395355 0.11093699932098389 0.11562500149011612
7 0.6789060235023499 0.3085939884185791 0.12031300365924835 0.11093699932098389
7 0.6296870112419128 0.6890630125999451 0.12187500298023224 0.13124999403953552
7 0.7039059996604919 0.6078119874000549 0.1578119993209839 0.12812499701976776
1 0.45156198740005493 0.2890619933605194 0.13437500596046448 0.21875
1 0.45390599966049194 0.31328099966049194 0.1484380066394806 0.1265619993209839
1 0.3515619933605194 0.4156250059604645 0.22812500596046448 0.09062500298023224
7 0.817969024181366 0.3539060056209564 0.16718700528144836 0.1265619993209839
0 0.802344024181366 0.45234400033950806 0.10781300067901611 0.1015620008111
0 0.4124999940395355 0.5773440003395081 0.10000000149011612 0.1015620008111
0 0.4296880066394806 0.7734379768371582 0.10625000298023224 0.11249999701976776
9 0.278905987739563 0.5898439884185791 0.2890619933605194 0.37031200528144836
9 0.4781250059604645 0.4632810056209564 0.4124999940395355 0.15156200528144836
