6 0.4809899926185608 0.15833300352096558 0.48072901368141174 0.21944400668144226
6 0.6101559996604919 0.7423610091209412 0.34635400772094727 0.5152779817581177
6 0.3559899926185608 0.6000000238418579 0.14427100121974945 0.11527799814939499
6 0.4335939884185791 0.7364580035209656 0.11614599823951721 0.17847199738025665
6 0.6255210041999817 0.3003470003604889 0.3187499940395355 0.31319400668144226
6 0.2046869993209839 0.5302079916000366 0.11979199945926666 0.4951390027999878
6 0.6927080154418945 0.3388890027999878 0.16666699945926666 0.07222200185060501
6 0.15026000142097473 0.5631939768791199 0.0703120008111 0.21250000596046448
0 0.45338499546051025 0.30590298771858215 0.0859379991889 0.12291699647903442
0 0.3416669964790344 0.44513899087905884 0.11562500149011612 0.16666699945926666
0 0.3187499940395355 0.7090280055999756 0.05208300054073334 0.0625
0 0.5802080035209656 0.5284720063209534 0.10000000149011612 0.11944399774074554
0 0.5916669964790344 0.6541669964790344 0.05624999850988388 0.07777799665927887
0 0.7520830035209656 0.5010420083999634 0.11562500149011612 0.1645829975605011
