9 0.6937500238418579 0.48906299471855164 0.13437500596046448 0.4593749940395355
9 0.3710939884185791 0.48124998807907104 0.43593698740005493 0.19062499701976776
3 0.5828120112419128 0.25312501192092896 0.08749999850988388 0.19687500596046448
3 0.33281299471855164 0.48124998807907104 0.14687499403953552 0.18437500298023224
1 0.4414060115814209 0.27265599370002747 0.1734369993209839 0.1265619993209839
6 0.5304690003395081 0.674219012260437 0.0703120008111 0.0703120008111
6 0.24687500298023224 0.5851560235023499 0.08437500149011612 0.0703120008111
0 0.14609399437904358 0.59375 0.11093699932098389 0.11874999850988388
0 0.5296869874000549 0.544530987739563 0.09062500298023224 0.09843699634075165
8 0.6179689764976501 0.38359400629997253 0.07656300067901611 0.06093699857592583
8 0.3070310056209564 0.30781200528144836 0.0859379991889 0.08124999701976776
8 0.3070310056209564 0.635155975818634 0.12031300365924835 0.08906300365924835
7 0.41874998807907104 0.3671880066394806 0.16249999403953552 0.14687499403953552
