8 0.5609369874000549 0.20937499403953552 0.10312499850988388 0.07500000298023224
8 0.5085939764976501 0.3203119933605194 0.054687999188899994 0.06562499701976776
8 0.505469024181366 0.4749999940395355 0.06406199932098389 0.08124999701976776
8 0.14296899735927582 0.3382810056209564 0.09843699634075165 0.09531199932098389
8 0.3070310056209564 0.41874998807907104 0.1015620008111 0.08437500149011612
8 0.692969024181366 0.6109380125999451 0.09531199932098389 0.10000000149011612
8 0.4960939884185791 0.831250011920929 0.09218800067901611 0.08437500149011612
8 0.45390599966049194 0.3804689943790436 0.09531199932098389 0.08906300365924835
0 0.28984400629997253 0.5554689764976501 0.07343800365924835 0.08281199634075165
0 0.7593749761581421 0.512499988079071 0.09687499701976776 0.09062500298023224
0 0.39921900629997253 0.878125011920929 0.09218800067901611 0.10312499850988388
7 0.7976559996604919 0.4124999940395355 0.14531299471855164 0.11562500149011612
7 0.6648439764976501 0.33515599370002747 0.1390630006790161 0.1390630006790161
7 0.4281249940395355 0.3179689943790436 0.11249999701976776 0.1265619993209839
7 0.536719024181366 0.3984380066394806 0.09843699634075165 0.10625000298023224
7 0.5898439884185791 0.7546870112419128 0.10468800365924835 0.12187500298023224
7 0.5664060115814209 0.28984400629997253 0.12343800067901611 0.13593700528144836
1 0.3984380066394806 0.40937501192092896 0.13750000298023224 0.18437500298023224
1 0.44218799471855164 0.45781299471855164 0.13437500596046448 0.13124999403953552
1 0.2710939943790436 0.4945310056209564 0.1859380006790161 0.1484380066394806
3 0.4632810056209564 0.5851560235023499 0.13593700528144836 0.12968799471855164
3 0.6054689884185791 0.28125 0.15156200528144836 0.11249999701976776
9 0.5546879768371582 0.684374988079071 0.2874999940395355 0.3218750059604645
9 0.567969024181366 0.5148440003395081 0.32343700528144836 0.27656200528144836
3 0.23749999701976776 0.38203099370002747 0.14687499403953552 0.08281199634075165
