7 0.21250000596046448 0.3320310115814209 0.10625000298023224 0.10468800365924835
7 0.4179689884185791 0.3789060115814209 0.08281199634075165 0.08281199634075165
7 0.40312498807907104 0.466405987739563 0.08124999701976776 0.08906300365924835
7 0.567969024181366 0.39765599370002747 0.1015620008111 0.08906300365924835
8 0.7953119874000549 0.5664060115814209 0.05000000074505806 0.057812999933958054
8 0.45156198740005493 0.7765629887580872 0.07500000298023224 0.08437500149011612
8 0.5539060235023499 0.8007810115814209 0.07656300067901611 0.07343800365924835
8 0.2890619933605194 0.8039060235023499 0.08749999850988388 0.06093699857592583
8 0.49843698740005493 0.37421900033950806 0.05312500149011612 0.04531199857592583
8 0.23359400033950806 0.5382810235023499 0.0703120008111 0.0703120008111
1 0.5242189764976501 0.46796900033950806 0.14531299471855164 0.12031300365924835
1 0.1757809966802597 0.5242189764976501 0.13593700528144836 0.07343800365924835
1 0.24062499403953552 0.48124998807907104 0.11562500149011612 0.08437500149011612
1 0.5203120112419128 0.6867190003395081 0.16875000298023224 0.06718699634075165
6 0.330469012260437 0.3656249940395355 0.04531199857592583 0.0625
6 0.30781200528144836 0.3812499940395355 0.05000000074505806 0.06562499701976776
3 0.24687500298023224 0.682030975818634 0.12187500298023224 0.0703120008111
3 0.5484380125999451 0.32734400033950806 0.109375 0.09843699634075165
0 0.5375000238418579 0.2906250059604645 0.07187499850988388 0.078125
0 0.3242189884185791 0.45625001192092896 0.07343800365924835 0.07500000298023224
0 0.5140619874000549 0.5195310115814209 0.05624999850988388 0.06093699857592583
3 0.3539060056209564 0.5531250238418579 0.08906300365924835 0.11874999850988388
9 0.6367189884185791 0.646094024181366 0.3046880066394806 0.10781300067901611
9 0.3335939943790436 0.564844012260437 0.28593799471855164 0.1578119993209839
