9 0.5578129887580872 0.699999988079071 0.328125 0.22812500596046448
9 0.47968700528144836 0.48281198740005493 0.34062498807907104 0.15625
3 0.706250011920929 0.28828099370002747 0.15312500298023224 0.07968699932098389
3 0.4414060115814209 0.4609380066394806 0.08906300365924835 0.15312500298023224
0 0.767969012260437 0.48359400033950806 0.09218800067901611 0.06718699634075165
0 0.294530987739563 0.5382810235023499 0.08281199634075165 0.09218800067901611
1 0.38984400033950806 0.2539060115814209 0.09531199932098389 0.1390630006790161
1 0.3125 0.4007810056209564 0.19062499701976776 0.08281199634075165
3 0.5695310235023499 0.5421879887580872 0.09843699634075165 0.14374999701976776
7 0.567969024181366 0.4156250059604645 0.11406199634075165 0.12812499701976776
7 0.19765600562095642 0.5398439764976501 0.1171879991889 0.1015620008111
