8 0.4804689884185791 0.30000001192092896 0.07656300067901611 0.06875000149011612
8 0.357030987739563 0.38749998807907104 0.08906300365924835 0.06562499701976776
8 0.6625000238418579 0.37812501192092896 0.08749999850988388 0.05624999850988388
8 0.5015630125999451 0.45625001192092896 0.06562499701976776 0.06875000149011612
8 0.6484379768371582 0.48906299471855164 0.05312500149011612 0.05000000074505806
8 0.4179689884185791 0.746874988079071 0.06718699634075165 0.08437500149011612
8 0.4312500059604645 0.5265629887580872 0.05624999850988388 0.09687499701976776
3 0.3382810056209564 0.5140619874000549 0.1390630006790161 0.08437500149011612
7 0.599219024181366 0.550000011920929 0.09843699634075165 0.09375
7 0.5085939764976501 0.45390599966049194 0.09843699634075165 0.09843699634075165
1 0.6609370112419128 0.43828099966049194 0.17812499403953552 0.07968699932098389
1 0.5617190003395081 0.39531299471855164 0.10468800365924835 0.12187500298023224
9 0.3539060056209564 0.44999998807907104 0.31406301259994507 0.17499999701976776
9 0.5203120112419128 0.6499999761581421 0.10312499850988388 0.32499998807907104
