8 0.713280975818634 0.26875001192092896 0.1015620008111 0.09062500298023224
8 0.46718698740005493 0.42031198740005493 0.08124999701976776 0.09687499701976776
8 0.4921880066394806 0.572655975818634 0.10625000298023224 0.04843800142407417
8 0.36406299471855164 0.5195310115814209 0.08124999701976776 0.09218800067901611
3 0.5859379768371582 0.32499998807907104 0.15625 0.11562500149011612
7 0.642969012260437 0.46562498807907104 0.10781300067901611 0.140625
0 0.6968749761581421 0.47734400629997253 0.08124999701976776 0.07656300067901611
0 0.5242189764976501 0.4960939884185791 0.07343800365924835 0.0703120008111
6 0.5242189764976501 0.44218799471855164 0.07968699932098389 0.07500000298023224
6 0.45781299471855164 0.521094024181366 0.07500000298023224 0.0703120008111
9 0.4492189884185791 0.732030987739563 0.12343800067901611 0.1703130006790161
