3 0.5062500238418579 0.5546879768371582 0.08437500149011612 0.14374999701976776
6 0.49531200528144836 0.6765620112419128 0.05312500149011612 0.07500000298023224
7 0.45390599966049194 0.27812498807907104 0.0859379991889 0.10000000149011612
7 0.5945309996604919 0.5734379887580872 0.1015620008111 0.10000000149011612
1 0.3789060115814209 0.34218698740005493 0.10468800365924835 0.14374999701976776
1 0.6804689764976501 0.5851560235023499 0.09218800067901611 0.18281200528144836
9 0.7171869874000549 0.43828099966049194 0.21562500298023224 0.32656198740005493
9 0.5273439884185791 0.3515619933605194 0.07343800365924835 0.3499999940395355
8 0.36093801259994507 0.43281200528144836 0.09687499701976776 0.09062500298023224
8 0.4492189884185791 0.4023439884185791 0.04843800142407417 0.042187999933958054
8 0.43671900033950806 0.4632810056209564 0.07656300067901611 0.0859379991889
8 0.42265599966049194 0.5203120112419128 0.0859379991889 0.05312500149011612
8 0.44609400629997253 0.5921869874000549 0.04531199857592583 0.09687499701976776
8 0.6234369874000549 0.6968749761581421 0.05624999850988388 0.05937499925494194
8 0.5093749761581421 0.6523439884185791 0.05312500149011612 0.039062000811100006
