0 0.4466150104999542 0.13506899774074554 0.04947900027036667 0.06736099720001221
0 0.8976560235023499 0.4204860031604767 0.04322899878025055 0.057638999074697495
0 0.44557300209999084 0.3187499940395355 0.12239599972963333 0.1611109972000122
0 0.6190099716186523 0.6767359972000122 0.03802099823951721 0.057638999074697495
0 0.2856769859790802 0.7666670083999634 0.10885400325059891 0.12222199887037277
1 0.24817700684070587 0.3413189947605133 0.08802100270986557 0.04374999925494194
1 0.35781198740005493 0.24826399981975555 0.07187499850988388 0.16319400072097778
1 0.4692710041999817 0.6187499761581421 0.05104200169444084 0.048611000180244446
1 0.7403650283813477 0.35659700632095337 0.12447900325059891 0.09236100316047668
6 0.706250011920929 0.2982639968395233 0.11562500149011612 0.1743060052394867
6 0.6450520157814026 0.8079860210418701 0.45156198740005493 0.30208298563957214
6 0.35130199790000916 0.44895800948143005 0.054687999188899994 0.2104170024394989
6 0.22890600562095642 0.6090279817581177 0.10572899878025055 0.20833300054073334
6 0.828125 0.675000011920929 0.11354199796915054 0.19444400072097778
6 0.6755210161209106 0.4312500059604645 0.36979201436042786 0.08749999850988388
6 0.4492189884185791 0.7732639908790588 0.17760400474071503 0.37430599331855774
6 0.596094012260437 0.5555559992790222 0.09218800067901611 0.1527779996395111
