0 0.658594012260437 0.24062499403953552 0.07343800365924835 0.078125
8 0.6648439764976501 0.31171900033950806 0.07343800365924835 0.06718699634075165
8 0.640625 0.5867189764976501 0.05000000074505806 0.057812999933958054
8 0.669530987739563 0.6335939764976501 0.06406199932098389 0.054687999188899994
8 0.5765619874000549 0.8054689764976501 0.0625 0.09218800067901611
8 0.536719024181366 0.5945309996604919 0.051562000066041946 0.051562000066041946
1 0.5687500238418579 0.25312501192092896 0.08749999850988388 0.125
1 0.5453119874000549 0.5429689884185791 0.15312500298023224 0.12343800067901611
1 0.5828120112419128 0.671875 0.08749999850988388 0.16875000298023224
3 0.45468801259994507 0.7437499761581421 0.10625000298023224 0.11249999701976776
7 0.6812499761581421 0.4296880066394806 0.08749999850988388 0.08749999850988388
7 0.26718801259994507 0.43671900033950806 0.10312499850988388 0.09218800067901611
6 0.24375000596046448 0.8039060235023499 0.06875000149011612 0.051562000066041946
9 0.37187498807907104 0.5453119874000549 0.30000001192092896 0.09687499701976776
9 0.549219012260437 0.47187501192092896 0.29218700528144836 0.16875000298023224
