6 0.20624999701976776 0.2718749940395355 0.078125 0.07500000298023224
6 0.6828129887580872 0.7328119874000549 0.06875000149011612 0.078125
8 0.8968750238418579 0.40546900033950806 0.10312499850988388 0.1015620008111
8 0.900780975818634 0.4921880066394806 0.06718699634075165 0.10625000298023224
8 0.26484400033950806 0.4453119933605194 0.07656300067901611 0.07500000298023224
8 0.543749988079071 0.6875 0.10312499850988388 0.078125
8 0.466405987739563 0.739844024181366 0.06406199932098389 0.07343800365924835
8 0.716405987739563 0.6640620231628418 0.10468800365924835 0.06875000149011612
0 0.357030987739563 0.690625011920929 0.09531199932098389 0.10312499850988388
0 0.517969012260437 0.37812501192092896 0.07968699932098389 0.09375
7 0.35078099370002747 0.375 0.1171879991889 0.13750000298023224
7 0.4414060115814209 0.3656249940395355 0.10468800365924835 0.109375
3 0.7093750238418579 0.5789059996604919 0.16249999403953552 0.1015620008111
9 0.4593749940395355 0.47578099370002747 0.3812499940395355 0.1484380066394806
