0 0.3315100073814392 0.26493099331855774 0.1265619993209839 0.1645829975605011
0 0.5403649806976318 0.3246529996395111 0.03697900101542473 0.05347200110554695
0 0.5692710280418396 0.6243060231208801 0.1010420024394989 0.12916700541973114
0 0.4632810056209564 0.871874988079071 0.05364599823951721 0.08263900130987167
1 0.2348960041999817 0.10381899774074554 0.07916700094938278 0.17013899981975555
1 0.4247399866580963 0.21805599331855774 0.04427099972963333 0.05833299830555916
6 0.5291669964790344 0.171875 0.15729199349880219 0.1284720003604889
6 0.26718801259994507 0.4579859972000122 0.36354199051856995 0.5062500238418579
6 0.32890599966049194 0.8010420203208923 0.11406199634075165 0.18541699647903442
6 0.550000011920929 0.42638900876045227 0.3604170083999634 0.16805599629878998
6 0.1734369993209839 0.7250000238418579 0.11562500149011612 0.4000000059604645
6 0.5567709803581238 0.8954859972000122 0.0552080012857914 0.17013899981975555
1 0.7145829796791077 0.5461810231208801 0.04583299905061722 0.11458300054073334
