1 0.4135420024394989 0.14097200334072113 0.08437500149011612 0.051389001309871674
0 0.7708330154418945 0.22083300352096558 0.05208300054073334 0.06805600225925446
0 0.8497400283813477 0.5402780175209045 0.03802099823951721 0.048611000180244446
0 0.5145829916000366 0.2874999940395355 0.12083300203084946 0.1527779996395111
0 0.512499988079071 0.6444439888000488 0.04166699945926666 0.048611000180244446
0 0.26875001192092896 0.6131939888000488 0.09166699647903442 0.125
1 0.7033849954605103 0.20972199738025665 0.10989599674940109 0.14861099421977997
1 0.34635400772094727 0.5878469944000244 0.04166699945926666 0.06458300352096558
1 0.3838540017604828 0.7940970063209534 0.12083300203084946 0.09513899683952332
6 0.8223959803581238 0.7149310111999512 0.12812499701976776 0.17152799665927887
6 0.2700519859790802 0.42118099331855774 0.09218800067901611 0.20347200334072113
6 0.6880210041999817 0.4906249940395355 0.3687500059604645 0.08680599927902222
6 0.6161460280418396 0.5315970182418823 0.11458300054073334 0.08958300203084946
6 0.4822919964790344 0.7298610210418701 0.30833300948143005 0.10138899832963943
6 0.32656198740005493 0.36458298563957214 0.0864579975605011 0.20833300054073334
6 0.6007810235023499 0.7326390147209167 0.4911459982395172 0.1791670024394989
6 0.5841150283813477 0.2631939947605133 0.10052099823951721 0.1958329975605011
