8 0.5820310115814209 0.15937499701976776 0.07968699932098389 0.06875000149011612
8 0.23203100264072418 0.5859379768371582 0.054687999188899994 0.06875000149011612
8 0.31718799471855164 0.659375011920929 0.06875000149011612 0.07187499850988388
8 0.294530987739563 0.6953120231628418 0.051562000066041946 0.05000000074505806
8 0.2734380066394806 0.533594012260437 0.04062499850988388 0.04531199857592583
7 0.38749998807907104 0.296875 0.10625000298023224 0.09687499701976776
7 0.325780987739563 0.49140599370002747 0.07968699932098389 0.09843699634075165
1 0.43828099966049194 0.4101560115814209 0.1015620008111 0.09531199932098389
1 0.44843700528144836 0.560155987739563 0.15625 0.06093699857592583
0 0.533594012260437 0.33515599370002747 0.06406199932098389 0.07343800365924835
0 0.28203099966049194 0.486719012260437 0.06093699857592583 0.057812999933958054
3 0.675000011920929 0.546875 0.09375 0.11874999850988388
3 0.606249988079071 0.20937499403953552 0.12187500298023224 0.07500000298023224
9 0.721875011920929 0.43671900033950806 0.13124999403953552 0.27968698740005493
9 0.45156198740005493 0.682030975818634 0.24375000596046448 0.20781299471855164
