6 0.6984379887580872 0.372655987739563 0.07500000298023224 0.07656300067901611
6 0.47968700528144836 0.47187501192092896 0.05312500149011612 0.05000000074505806
9 0.3671880066394806 0.40625 0.12812499701976776 0.38749998807907104
9 0.6312500238418579 0.49140599370002747 0.11562500149011612 0.10781300067901611
8 0.5351560115814209 0.43593698740005493 0.08281199634075165 0.09062500298023224
8 0.435155987739563 0.43828099966049194 0.07968699932098389 0.10781300067901611
8 0.38203099370002747 0.6734380125999451 0.0703120008111 0.078125
8 0.5218750238418579 0.755469024181366 0.07187499850988388 0.07656300067901611
8 0.45234400033950806 0.786719024181366 0.08906300365924835 0.1015620008111
8 0.450780987739563 0.6078119874000549 0.09531199932098389 0.08124999701976776
0 0.4625000059604645 0.6835939884185791 0.07500000298023224 0.08281199634075165
0 0.6578130125999451 0.7195309996604919 0.08437500149011612 0.08906300365924835
3 0.46562498807907104 0.534375011920929 0.14687499403953552 0.10625000298023224
