9 0.5093749761581421 0.27031299471855164 0.25 0.06875000149011612
9 0.44453099370002747 0.48515599966049194 0.2484380006790161 0.0703120008111
8 0.7492190003395081 0.32656198740005493 0.06406199932098389 0.07187499850988388
8 0.3070310056209564 0.5171880125999451 0.035937000066041946 0.03750000149011612
8 0.25156301259994507 0.6914060115814209 0.04374999925494194 0.04843800142407417
8 0.3023439943790436 0.6968749761581421 0.057812999933958054 0.05000000074505806
8 0.3226560056209564 0.7515630125999451 0.039062000811100006 0.06875000149011612
0 0.299219012260437 0.47578099370002747 0.04531199857592583 0.04843800142407417
0 0.46953099966049194 0.42265599966049194 0.054687999188899994 0.054687999188899994
7 0.419530987739563 0.760155975818634 0.07343800365924835 0.08906300365924835
7 0.2757810056209564 0.5742189884185791 0.08906300365924835 0.08281199634075165
3 0.5359370112419128 0.41093799471855164 0.078125 0.10312499850988388
3 0.49531200528144836 0.5296869874000549 0.10312499850988388 0.04374999925494194
1 0.3671880066394806 0.5507810115814209 0.078125 0.09218800067901611
1 0.39921900629997253 0.7093750238418579 0.09218800067901611 0.140625
