6 0.4765619933605194 0.2867189943790436 0.05000000074505806 0.06718699634075165
3 0.21796900033950806 0.3960939943790436 0.13593700528144836 0.1171879991889
9 0.6921870112419128 0.4124999940395355 0.23749999701976776 0.28125
8 0.267969012260437 0.4945310056209564 0.06093699857592583 0.06406199932098389
8 0.5539060235023499 0.653905987739563 0.08281199634075165 0.07343800365924835
8 0.6289060115814209 0.2601560056209564 0.04843800142407417 0.054687999188899994
8 0.5539060235023499 0.4117189943790436 0.051562000066041946 0.04843800142407417
8 0.3398439884185791 0.6101559996604919 0.06718699634075165 0.07968699932098389
8 0.37343698740005493 0.674219012260437 0.08437500149011612 0.039062000811100006
8 0.49140599370002747 0.5531250238418579 0.0703120008111 0.08749999850988388
8 0.49843698740005493 0.4906249940395355 0.140625 0.15312500298023224
8 0.234375 0.6171879768371582 0.13124999403953552 0.09375
7 0.4257810115814209 0.5328130125999451 0.09531199932098389 0.109375
7 0.46875 0.6656249761581421 0.09062500298023224 0.09375
