7 0.5664060115814209 0.10781300067901611 0.12343800067901611 0.12187500298023224
7 0.42031198740005493 0.7796869874000549 0.12187500298023224 0.109375
9 0.35859400033950806 0.4749999940395355 0.28593799471855164 0.26875001192092896
9 0.4492189884185791 0.6914060115814209 0.34531301259994507 0.08281199634075165
1 0.7648440003395081 0.5203120112419128 0.09843699634075165 0.140625
1 0.46171900629997253 0.849219024181366 0.1859380006790161 0.0703120008111
1 0.583594024181366 0.6359379887580872 0.1953119933605194 0.07500000298023224
8 0.21640600264072418 0.528905987739563 0.057812999933958054 0.06093699857592583
8 0.4804689884185791 0.5359370112419128 0.057812999933958054 0.05624999850988388
8 0.325780987739563 0.7718750238418579 0.06093699857592583 0.07187499850988388
6 0.424219012260437 0.5843750238418579 0.06406199932098389 0.06562499701976776
3 0.31406301259994507 0.544530987739563 0.12812499701976776 0.1484380066394806
