8 0.684374988079071 0.23749999701976776 0.10625000298023224 0.109375
8 0.661719024181366 0.650780975818634 0.057812999933958054 0.06718699634075165
8 0.4179689884185791 0.403905987739563 0.10468800365924835 0.08906300365924835
8 0.33671900629997253 0.5585939884185791 0.07656300067901611 0.0703120008111
6 0.484375 0.44609400629997253 0.07187499850988388 0.06093699857592583
6 0.4117189943790436 0.5398439764976501 0.07343800365924835 0.06093699857592583
0 0.6242190003395081 0.581250011920929 0.07968699932098389 0.078125
0 0.7796869874000549 0.5296869874000549 0.10312499850988388 0.10312499850988388
3 0.5453119874000549 0.3828119933605194 0.15312500298023224 0.15625
7 0.746874988079071 0.4492189884185791 0.125 0.15156200528144836
9 0.5242189764976501 0.5195310115814209 0.29218700528144836 0.36406299471855164
