8 0.71875 0.39765599370002747 0.10625000298023224 0.06718699634075165
8 0.6445310115814209 0.6265630125999451 0.08906300365924835 0.06875000149011612
8 0.34687501192092896 0.817969024181366 0.07187499850988388 0.09531199932098389
8 0.31093698740005493 0.653124988079071 0.0625 0.06562499701976776
8 0.45468801259994507 0.5843750238418579 0.07500000298023224 0.06562499701976776
8 0.4296880066394806 0.4273439943790436 0.07500000298023224 0.0859379991889
8 0.3343749940395355 0.43593698740005493 0.09687499701976776 0.0625
1 0.377344012260437 0.328125 0.1015620008111 0.10312499850988388
1 0.4476560056209564 0.6109380125999451 0.08906300365924835 0.078125
7 0.26640599966049194 0.39921900629997253 0.12031300365924835 0.13593700528144836
7 0.5359370112419128 0.39218801259994507 0.10625000298023224 0.10312499850988388
9 0.31953099370002747 0.5039060115814209 0.36406299471855164 0.07343800365924835
9 0.5531250238418579 0.5921869874000549 0.17499999701976776 0.35624998807907104
3 0.35234400629997253 0.6312500238418579 0.14531299471855164 0.14374999701976776
