6 0.4330730140209198 0.4340279996395111 0.17447899281978607 0.637499988079071
6 0.8072919845581055 0.3652780055999756 0.15833300352096558 0.09444399923086166
6 0.747655987739563 0.5111110210418701 0.48281198740005493 0.25555598735809326
6 0.2427079975605011 0.7326390147209167 0.08749999850988388 0.21111099421977997
6 0.2635419964790344 0.2934029996395111 0.3739579916000366 0.17291699349880219
6 0.4945310056209564 0.7444440126419067 0.35677099227905273 0.22638900578022003
6 0.6236979961395264 0.2520830035209656 0.1713539958000183 0.08333300054073334
6 0.2747400104999542 0.6111109852790833 0.07760400325059891 0.20833300054073334
0 0.8127599954605103 0.17812499403953552 0.057812999933958054 0.07291699945926666
0 0.5539060235023499 0.46840301156044006 0.1265619993209839 0.15902799367904663
0 0.7236980199813843 0.6625000238418579 0.09843699634075165 0.125
0 0.90625 0.6673610210418701 0.09166699647903442 0.12638899683952332
0 0.6049479842185974 0.8013889789581299 0.1317709982395172 0.15694400668144226
0 0.3179689943790436 0.6173610091209412 0.05364599823951721 0.05555599927902222
