9 0.546875 0.30156299471855164 0.2906250059604645 0.05937499925494194
9 0.5828120112419128 0.6242190003395081 0.18437500298023224 0.26406198740005493
3 0.3046880066394806 0.42500001192092896 0.12187500298023224 0.078125
3 0.6882809996604919 0.4906249940395355 0.12031300365924835 0.10312499850988388
8 0.23671899735927582 0.622655987739563 0.051562000066041946 0.04843800142407417
8 0.32499998807907104 0.778905987739563 0.06875000149011612 0.07656300067901611
8 0.39921900629997253 0.786719024181366 0.06718699634075165 0.07968699932098389
8 0.4281249940395355 0.5406249761581421 0.04062499850988388 0.04062499850988388
8 0.658594012260437 0.731249988079071 0.07968699932098389 0.078125
7 0.4632810056209564 0.43046900629997253 0.07968699932098389 0.07968699932098389
7 0.4296880066394806 0.6140620112419128 0.09375 0.10625000298023224
0 0.3023439943790436 0.5078120231628418 0.06093699857592583 0.05937499925494194
0 0.6625000238418579 0.6648439764976501 0.05624999850988388 0.057812999933958054
1 0.48593801259994507 0.515625 0.05937499925494194 0.0625
1 0.612500011920929 0.6609370112419128 0.078125 0.11874999850988388
