0 0.544530987739563 0.14583300054073334 0.07552099972963333 0.1046300008893013
0 0.541405975818634 0.2296299934387207 0.0703120008111 0.13148100674152374
0 0.5421879887580872 0.3787040114402771 0.05208300054073334 0.07407400012016296
0 0.521094024181366 0.7513890266418457 0.06510400027036667 0.1212960034608841
0 0.6942710280418396 0.9027780294418335 0.0708329975605011 0.12222199887037277
0 0.8476560115814209 0.7138890027999878 0.057812999933958054 0.1129629984498024
0 0.875 0.8060190081596375 0.0625 0.11759299784898758
0 0.8544269800186157 0.6064810156822205 0.05572900176048279 0.1129629984498024
1 0.47239598631858826 0.3208329975605011 0.08749999850988388 0.21574099361896515
1 0.8033850193023682 0.6967589855194092 0.054687999188899994 0.2101850062608719
1 0.5354170203208923 0.6314809918403625 0.11354199796915054 0.13888899981975555
1 0.5348960161209106 0.8888890147209167 0.1322920024394989 0.13888899981975555
