9 0.6601560115814209 0.5874999761581421 0.12031300365924835 0.359375
6 0.7328119874000549 0.5515620112419128 0.07187499850988388 0.0625
1 0.799219012260437 0.37812501192092896 0.07968699932098389 0.203125
1 0.46015599370002747 0.6421880125999451 0.09531199932098389 0.15000000596046448
8 0.544530987739563 0.330469012260437 0.06718699634075165 0.0703120008111
8 0.29843801259994507 0.47343799471855164 0.09062500298023224 0.09062500298023224
8 0.3710939884185791 0.5429689884185791 0.07343800365924835 0.0859379991889
8 0.38984400033950806 0.630469024181366 0.07968699932098389 0.09531199932098389
8 0.4437499940395355 0.8289059996604919 0.05312500149011612 0.0703120008111
8 0.14609399437904358 0.4632810056209564 0.06718699634075165 0.07343800365924835
3 0.4789060056209564 0.40312498807907104 0.09218800067901611 0.15625
7 0.3179689943790436 0.833594024181366 0.0859379991889 0.1421869993209839
7 0.37421900033950806 0.815625011920929 0.09218800067901611 0.11874999850988388
8 0.5320309996604919 0.17109400033950806 0.0859379991889 0.06093699857592583
