3 0.625 0.5351560115814209 0.13437500596046448 0.08281199634075165
6 0.5304690003395081 0.533594012260437 0.054687999188899994 0.06406199932098389
7 0.677344024181366 0.34218698740005493 0.12031300365924835 0.11874999850988388
7 0.34296900033950806 0.6171879768371582 0.09843699634075165 0.09687499701976776
8 0.30937498807907104 0.25312501192092896 0.09062500298023224 0.05312500149011612
8 0.16640600562095642 0.24453100562095642 0.08281199634075165 0.07343800365924835
8 0.700780987739563 0.43906301259994507 0.08281199634075165 0.08749999850988388
8 0.6187499761581421 0.4437499940395355 0.046875 0.08749999850988388
8 0.6265630125999451 0.505469024181366 0.07500000298023224 0.042187999933958054
8 0.583594024181366 0.6257809996604919 0.06093699857592583 0.06406199932098389
1 0.630469024181366 0.637499988079071 0.06718699634075165 0.15625
1 0.5585939884185791 0.3554689884185791 0.09531199932098389 0.12968799471855164
9 0.4023439884185791 0.3164060115814209 0.14531299471855164 0.32343700528144836
9 0.3648439943790436 0.44999998807907104 0.2109380066394806 0.30000001192092896
8 0.41718700528144836 0.6656249761581421 0.0625 0.06562499701976776
