6 0.5304690003395081 0.22578099370002747 0.06093699857592583 0.09531199932098389
6 0.5007809996604919 0.31328099966049194 0.06093699857592583 0.07968699932098389
8 0.47187501192092896 0.22734400629997253 0.05312500149011612 0.07343800365924835
8 0.45156198740005493 0.40625 0.05937499925494194 0.109375
8 0.5085939764976501 0.5046870112419128 0.057812999933958054 0.06875000149011612
8 0.41093799471855164 0.5273439884185791 0.08749999850988388 0.09843699634075165
8 0.4101560115814209 0.6132810115814209 0.0703120008111 0.06718699634075165
3 0.6523439884185791 0.38749998807907104 0.1640619933605194 0.10000000149011612
0 0.6242190003395081 0.3359380066394806 0.07656300067901611 0.02812499925494194
0 0.6390619874000549 0.49531200528144836 0.07500000298023224 0.07187499850988388
7 0.42031198740005493 0.3984380066394806 0.125 0.12187500298023224
7 0.5046870112419128 0.6156250238418579 0.11249999701976776 0.11249999701976776
9 0.6757810115814209 0.6328120231628418 0.25156301259994507 0.3656249940395355
