8 0.38984400033950806 0.45625001192092896 0.057812999933958054 0.06562499701976776
8 0.2421880066394806 0.435155987739563 0.06562499701976776 0.06406199932098389
8 0.33906200528144836 0.6734380125999451 0.05937499925494194 0.06562499701976776
1 0.6015620231628418 0.5578129887580872 0.19374999403953552 0.08437500149011612
1 0.6515629887580872 0.36406299471855164 0.13437500596046448 0.11874999850988388
1 0.466405987739563 0.7515630125999451 0.18281200528144836 0.06875000149011612
7 0.4296880066394806 0.6882809996604919 0.12187500298023224 0.10781300067901611
7 0.44218799471855164 0.34375 0.125 0.11249999701976776
9 0.361719012260437 0.3710939884185791 0.30156299471855164 0.23906299471855164
9 0.46718698740005493 0.6031249761581421 0.34375 0.08124999701976776
6 0.4414060115814209 0.503125011920929 0.06718699634075165 0.05312500149011612
3 0.31562501192092896 0.4453119933605194 0.125 0.15000000596046448
