0 0.7263020277023315 0.11944399774074554 0.03697900101542473 0.051389001309871674
0 0.5052080154418945 0.47986099123954773 0.03541700169444084 0.04583299905061722
6 0.2455729991197586 0.4593749940395355 0.22135399281978607 0.6187499761581421
6 0.24765600264072418 0.33125001192092896 0.06614600121974945 0.1958329975605011
6 0.7893229722976685 0.5402780175209045 0.3130210041999817 0.5444440245628357
6 0.5359370112419128 0.796875 0.0552080012857914 0.19652800261974335
6 0.7174479961395264 0.3378469944000244 0.15364600718021393 0.09097199887037277
6 0.46796900033950806 0.6010419726371765 0.08281199634075165 0.20763899385929108
1 0.294530987739563 0.22534699738025665 0.07656300067901611 0.1645829975605011
1 0.3218750059604645 0.35902801156044006 0.11041700094938278 0.1333329975605011
6 0.1450520008802414 0.5114579796791077 0.2880209982395172 0.36736100912094116
6 0.4041669964790344 0.13993099331855774 0.3572919964790344 0.17847199738025665
6 0.5958330035209656 0.1597220003604889 0.04166699945926666 0.16249999403953552
6 0.5203120112419128 0.2798610031604767 0.30937498807907104 0.10138899832963943
6 0.40937501192092896 0.7027779817581177 0.13854199647903442 0.38888901472091675
6 0.5950520038604736 0.5079860091209412 0.09322900325059891 0.14097200334072113
