8 0.2710939943790436 0.36796900629997253 0.09218800067901611 0.09218800067901611
8 0.24375000596046448 0.59375 0.05937499925494194 0.0625
8 0.596094012260437 0.6984379887580872 0.051562000066041946 0.05624999850988388
8 0.5890629887580872 0.760155975818634 0.09687499701976776 0.08281199634075165
8 0.6640620231628418 0.4804689884185791 0.046875 0.09531199932098389
8 0.47578099370002747 0.37031200528144836 0.0859379991889 0.078125
8 0.42890599370002747 0.4281249940395355 0.08281199634075165 0.09062500298023224
1 0.4625000059604645 0.6078119874000549 0.08124999701976776 0.09062500298023224
1 0.4000000059604645 0.34062498807907104 0.09375 0.09687499701976776
7 0.29765599966049194 0.359375 0.10468800365924835 0.109375
7 0.543749988079071 0.3851560056209564 0.09062500298023224 0.09531199932098389
3 0.34375 0.7304689884185791 0.15000000596046448 0.1015620008111
9 0.34062498807907104 0.5093749761581421 0.34375 0.08437500149011612
9 0.5742189884185791 0.5945309996604919 0.16093799471855164 0.34531301259994507
