9 0.40625 0.35624998807907104 0.15312500298023224 0.3375000059604645
9 0.3687500059604645 0.4960939884185791 0.22499999403953552 0.31718799471855164
1 0.5929690003395081 0.4156250059604645 0.09843699634075165 0.13437500596046448
1 0.653124988079071 0.6789060235023499 0.07500000298023224 0.19218799471855164
7 0.732030987739563 0.39765599370002747 0.12968799471855164 0.1265619993209839
7 0.3476560115814209 0.669530987739563 0.1015620008111 0.1015620008111
8 0.1601559966802597 0.278905987739563 0.09531199932098389 0.0703120008111
8 0.31093698740005493 0.2867189943790436 0.09687499701976776 0.057812999933958054
8 0.6734380125999451 0.517969012260437 0.08437500149011612 0.08906300365924835
8 0.7234370112419128 0.4898439943790436 0.09062500298023224 0.08906300365924835
8 0.5976560115814209 0.6804689764976501 0.06718699634075165 0.06718699634075165
8 0.7046880125999451 0.583594024181366 0.08749999850988388 0.051562000066041946
8 0.4273439943790436 0.7203130125999451 0.06406199932098389 0.0625
6 0.549219012260437 0.5265629887580872 0.051562000066041946 0.05000000074505806
3 0.7546870112419128 0.7015619874000549 0.14687499403953552 0.11249999701976776
