0 0.5921869874000549 0.35416701436042786 0.07395800203084946 0.11388900130987167
0 0.590624988079071 0.48842599987983704 0.06875000149011612 0.11203700304031372
0 0.7304689884185791 0.5023149847984314 0.06927099823951721 0.11944399774074554
0 0.8401039838790894 0.4949069917201996 0.06145799905061722 0.11388900130987167
0 0.8856769800186157 0.7430559992790222 0.06510400027036667 0.06018500030040741
0 0.7695310115814209 0.7611110210418701 0.06093699857592583 0.10370399802923203
0 0.7976559996604919 0.35277798771858215 0.06197899952530861 0.1129629984498024
0 0.9416670203208923 0.32407400012016296 0.04166699945926666 0.12777799367904663
0 0.7997400164604187 0.24305599927902222 0.06197899952530861 0.11388900130987167
0 0.8533849716186523 0.21851900219917297 0.05677099898457527 0.11481499671936035
0 0.8940100073814392 0.16018499433994293 0.057812999933958054 0.10555599629878998
0 0.8356770277023315 0.05833299830555916 0.05989599972963333 0.10370399802923203
0 0.6213539838790894 0.058795999735593796 0.06875000149011612 0.06944400072097778
0 0.6114580035209656 0.025925999507308006 0.07604199647903442 0.05000000074505806
0 0.4414060115814209 0.41157400608062744 0.05885399878025055 0.11944399774074554
0 0.4330730140209198 0.5634260177612305 0.06093699857592583 0.11203700304031372
0 0.5544270277023315 0.6486110091209412 0.029687000438570976 0.11018499732017517
0 0.6041669845581055 0.6143519878387451 0.027083000168204308 0.06944400072097778
1 0.583594024181366 0.6486110091209412 0.13489599525928497 0.10277800261974335
1 0.8776040077209473 0.6444439888000488 0.05833299830555916 0.2018519937992096
1 0.744530975818634 0.2874999940395355 0.05572900176048279 0.22499999403953552
1 0.6302080154418945 0.08194400370121002 0.0552080012857914 0.1453700065612793
