1 0.5295140147209167 0.2861109972000122 0.1826390027999878 0.2222220003604889
1 0.5513889789581299 0.3643519878387451 0.18472200632095337 0.18796299397945404
1 0.5958330035209656 0.639352023601532 0.19166700541973114 0.18796299397945404
0 0.42361098527908325 0.12407399713993073 0.09444399923086166 0.12777799367904663
0 0.44930601119995117 0.24953700602054596 0.09722200036048889 0.11574099957942963
0 0.39027801156044006 0.3583329916000366 0.09583300352096558 0.1333329975605011
0 0.37048599123954773 0.4532409906387329 0.09791699796915054 0.09907399863004684
0 0.34756898880004883 0.5319439768791199 0.10763899981975555 0.12685200572013855
0 0.45625001192092896 0.5486109852790833 0.09166699647903442 0.13240699470043182
0 0.5878469944000244 0.49722200632095337 0.09652800112962723 0.13518500328063965
0 0.6753469705581665 0.4124999940395355 0.09652800112962723 0.13055600225925446
0 0.7319440245628357 0.26620399951934814 0.1069440022110939 0.1212960034608841
0 0.7670140266418457 0.5115739703178406 0.10763899981975555 0.13796299695968628
0 0.6767359972000122 0.5592589974403381 0.1020829975605011 0.12592600286006927
0 0.5902780294418335 0.7421299815177917 0.09722200036048889 0.13611100614070892
