0 0.45442700386047363 0.1284720003604889 0.035937000066041946 0.04166699945926666
6 0.3302080035209656 0.27118098735809326 0.3260419964790344 0.5409719944000244
6 0.5403649806976318 0.22187499701976776 0.1328119933605194 0.12569400668144226
6 0.6877599954605103 0.6381940245628357 0.3588539958000183 0.5013890266418457
6 0.45182299613952637 0.8666669726371765 0.04427099972963333 0.19722199440002441
6 0.4330730140209198 0.21111099421977997 0.054687999188899994 0.13888899981975555
6 0.6885420083999634 0.3260419964790344 0.17291699349880219 0.3687500059604645
6 0.4742189943790436 0.5184029936790466 0.2734380066394806 0.24236099421977997
6 0.5208330154418945 0.3666670024394989 0.3677079975605011 0.10000000149011612
6 0.44114598631858826 0.6204860210418701 0.35416701436042786 0.21180599927902222
6 0.4223960041999817 0.8204860091209412 0.03541700169444084 0.12291699647903442
6 0.2674480080604553 0.43437498807907104 0.08906300365924835 0.2006939947605133
6 0.6841149926185608 0.8114579916000366 0.10260400176048279 0.1840279996395111
1 0.7307289838790894 0.6597219705581665 0.08229199796915054 0.1527779996395111
1 0.453125 0.7368059754371643 0.1166670024394989 0.1069440022110939
0 0.5356770157814026 0.9156249761581421 0.03177100047469139 0.04374999925494194
