0 0.2734380066394806 0.5085939764976501 0.0625 0.06718699634075165
0 0.5773440003395081 0.47187501192092896 0.08281199634075165 0.078125
8 0.6468750238418579 0.37968799471855164 0.08124999701976776 0.08437500149011612
8 0.39218801259994507 0.5874999761581421 0.08124999701976776 0.0625
8 0.25156301259994507 0.5976560115814209 0.07187499850988388 0.07656300067901611
8 0.278905987739563 0.559374988079071 0.042187999933958054 0.05312500149011612
8 0.361719012260437 0.6648439764976501 0.04843800142407417 0.054687999188899994
3 0.6796879768371582 0.5476559996604919 0.125 0.11093699932098389
3 0.6484379768371582 0.36093801259994507 0.13124999403953552 0.09062500298023224
7 0.5015630125999451 0.388280987739563 0.10625000298023224 0.09218800067901611
7 0.3335939943790436 0.5148440003395081 0.0859379991889 0.10781300067901611
1 0.4593749940395355 0.5249999761581421 0.16249999403953552 0.06562499701976776
1 0.5109379887580872 0.47343799471855164 0.09375 0.11249999701976776
9 0.45156198740005493 0.6960939764976501 0.265625 0.2265619933605194
9 0.7015619874000549 0.5015630125999451 0.2562499940395355 0.23125000298023224
