9 0.6109380125999451 0.25703099370002747 0.13750000298023224 0.1546880006790161
0 0.424219012260437 0.37421900033950806 0.06406199932098389 0.0703120008111
0 0.32734400033950806 0.7585939764976501 0.0859379991889 0.08906300365924835
3 0.513280987739563 0.43671900033950806 0.13593700528144836 0.10781300067901611
3 0.5617190003395081 0.6421880125999451 0.0859379991889 0.13437500596046448
7 0.675000011920929 0.4765619933605194 0.09375 0.09062500298023224
7 0.5710939764976501 0.5406249761581421 0.08906300365924835 0.09375
7 0.45468801259994507 0.550000011920929 0.11562500149011612 0.10625000298023224
3 0.325780987739563 0.5710939764976501 0.13593700528144836 0.09218800067901611
1 0.25312501192092896 0.6828129887580872 0.13750000298023224 0.09687499701976776
