9 0.4765619933605194 0.35078099370002747 0.08124999701976776 0.31093698740005493
9 0.4492189884185791 0.45468801259994507 0.3046880066394806 0.12187500298023224
6 0.47968700528144836 0.5203120112419128 0.04062499850988388 0.05937499925494194
0 0.6476560235023499 0.453125 0.06406199932098389 0.078125
7 0.721875011920929 0.49921900033950806 0.08437500149011612 0.0859379991889
7 0.5984370112419128 0.5984370112419128 0.10625000298023224 0.109375
1 0.505469024181366 0.5734379887580872 0.09843699634075165 0.11249999701976776
1 0.41718700528144836 0.565625011920929 0.08437500149011612 0.16249999403953552
1 0.325780987739563 0.5429689884185791 0.10781300067901611 0.1578119993209839
8 0.25312501192092896 0.5296869874000549 0.05312500149011612 0.05624999850988388
8 0.21406200528144836 0.5820310115814209 0.03750000149011612 0.08281199634075165
8 0.6101559996604919 0.7039059996604919 0.08281199634075165 0.06093699857592583
8 0.450780987739563 0.6554690003395081 0.051562000066041946 0.054687999188899994
8 0.4000000059604645 0.4945310056209564 0.05624999850988388 0.04843800142407417
3 0.5710939764976501 0.5554689764976501 0.1328119933605194 0.07343800365924835
