6 0.46875 0.18888899683952332 0.46354201436042786 0.30972200632095337
6 0.5908849835395813 0.3302080035209656 0.15989600121974945 0.06736099720001221
6 0.3755210041999817 0.6274309754371643 0.27708300948143005 0.5868059992790222
6 0.36692699790000916 0.5333330035209656 0.14531299471855164 0.14027799665927887
6 0.5955730080604553 0.22083300352096558 0.32447901368141174 0.3305560052394867
6 0.2638019919395447 0.574999988079071 0.05677099898457527 0.4833329916000366
6 0.2388020008802414 0.46597200632095337 0.04843800142407417 0.19722199440002441
6 0.5864580273628235 0.28125 0.15312500298023224 0.10833299905061722
0 0.424219012260437 0.30729201436042786 0.09114599972963333 0.11736100167036057
0 0.3614580035209656 0.4083330035209656 0.12291699647903442 0.14583300054073334
0 0.35624998807907104 0.5895829796791077 0.04479200020432472 0.06388899683952332
0 0.5447919964790344 0.4326390027999878 0.12291699647903442 0.1527779996395111
0 0.5687500238418579 0.5520830154418945 0.09375 0.11805599927902222
0 0.5151039958000183 0.6020830273628235 0.04583299905061722 0.06527800112962723
