5 0.48500001430511475 0.09422100335359573 0.20499999821186066 0.16582900285720825
5 0.47291699051856995 0.23743699491024017 0.17416700720787048 0.2663320004940033
2 0.3570829927921295 0.5031409859657288 0.05083300173282623 0.3103019893169403
2 0.6570829749107361 0.6520100235939026 0.24583299458026886 0.1909549981355667
2 0.6295830011367798 0.8724870085716248 0.12250000238418579 0.2550249993801117
2 0.9266669750213623 0.8015080094337463 0.1466670036315918 0.24371899664402008
0 0.3787499964237213 0.7368090152740479 0.0625 0.10427100211381912
0 0.367917001247406 0.8649500012397766 0.05916700139641762 0.08919599652290344
4 0.3354170024394989 0.9635679721832275 0.07249999791383743 0.07286400347948074
4 0.7074999809265137 0.6268839836120605 0.07000000029802322 0.10803999751806259
4 0.9141669869422913 0.4396980106830597 0.0949999988079071 0.13819099962711334
4 0.5087500214576721 0.601131021976471 0.08250000327825546 0.13693499565124512
3 0.6029170155525208 0.44849199056625366 0.11916700005531311 0.12562799453735352
3 0.5670830011367798 0.5835430026054382 0.100832998752594 0.17462299764156342
3 0.7037500143051147 0.8291460275650024 0.08250000327825546 0.21607999503612518
3 0.5962499976158142 0.8517590165138245 0.11249999701976776 0.1959799975156784
2 0.7837499976158142 0.49120599031448364 0.060832999646663666 0.26884400844573975
2 0.586667001247406 0.559673011302948 0.07500000298023224 0.25753799080848694
1 0.4424999952316284 0.49623098969459534 0.10999999940395355 0.293969988822937
1 0.6958330273628235 0.4359300136566162 0.10499999672174454 0.29145699739456177
1 0.5370830297470093 0.8567839860916138 0.10750000178813934 0.22110599279403687
1 0.4433329999446869 0.7669600248336792 0.10166700184345245 0.21984900534152985
1 0.7783330082893372 0.7657039761543274 0.06666699796915054 0.1419599950313568
1 0.5004169940948486 0.478643000125885 0.06750000268220901 0.12311600148677826
