7 0.18046900629997253 0.21875 0.10781300067901611 0.109375
7 0.7070310115814209 0.518750011920929 0.08281199634075165 0.08124999701976776
1 0.6085940003395081 0.24375000596046448 0.06093699857592583 0.06875000149011612
1 0.560155987739563 0.37578099966049194 0.10468800365924835 0.09531199932098389
1 0.5249999761581421 0.5867189764976501 0.08124999701976776 0.1578119993209839
6 0.43437498807907104 0.3671880066394806 0.04374999925494194 0.04062499850988388
3 0.7429689764976501 0.39218801259994507 0.12968799471855164 0.09375
9 0.49140599370002747 0.2851560115814209 0.28593799471855164 0.10468800365924835
9 0.3687500059604645 0.44999998807907104 0.265625 0.18437500298023224
8 0.6398440003395081 0.4585939943790436 0.07656300067901611 0.035937000066041946
8 0.35624998807907104 0.5539060235023499 0.05000000074505806 0.042187999933958054
8 0.38593700528144836 0.6000000238418579 0.046875 0.05312500149011612
8 0.29374998807907104 0.5359370112419128 0.0625 0.08124999701976776
8 0.403905987739563 0.40468698740005493 0.042187999933958054 0.05000000074505806
0 0.6343749761581421 0.5625 0.06562499701976776 0.06875000149011612
