5 0.10499999672174454 0.3103019893169403 0.0949999988079071 0.3216080069541931
5 0.8458330035209656 0.4396980106830597 0.20999999344348907 0.09296499937772751
2 0.26166701316833496 0.13253800570964813 0.03999999910593033 0.26256299018859863
2 0.6949999928474426 0.9214820265769958 0.17000000178813934 0.08417099714279175
3 0.6104170083999634 0.16708500683307648 0.08250000327825546 0.22613100707530975
3 0.569582998752594 0.7104269862174988 0.07416699826717377 0.2123119980096817
3 0.5295829772949219 0.5270100235939026 0.1274999976158142 0.15452300012111664
3 0.3079169988632202 0.7054020166397095 0.11916700005531311 0.18718600273132324
1 0.7404170036315918 0.7198489904403687 0.09416700154542923 0.10050299763679504
1 0.8204169869422913 0.8712310194969177 0.0708329975605011 0.13442200422286987
0 0.8725000023841858 0.7675880193710327 0.06333299726247787 0.10803999751806259
0 0.6166669726371765 0.5910800099372864 0.06166699901223183 0.09422100335359573
4 0.7462499737739563 0.602387011051178 0.0925000011920929 0.14447200298309326
4 0.6808329820632935 0.83228600025177 0.10166700184345245 0.1419599950313568
4 0.7562500238418579 0.9623119831085205 0.06583300232887268 0.07537700235843658
4 0.45249998569488525 0.9817839860916138 0.07166700065135956 0.03643200173974037
1 0.5233330130577087 0.4082910120487213 0.19666700065135956 0.12060300260782242
1 0.24958300590515137 0.2770099937915802 0.149167001247406 0.16457299888134003
1 0.3604170083999634 0.2129400074481964 0.1525000035762787 0.1570349931716919
1 0.1683329939842224 0.559673011302948 0.1816670000553131 0.22989900410175323
2 0.6333330273628235 0.7474870085716248 0.086667001247406 0.3844220042228699
2 0.6899999976158142 0.5898240208625793 0.086667001247406 0.3580400049686432
2 0.8279169797897339 0.4949750006198883 0.20250000059604645 0.07537700235843658
2 0.14624999463558197 0.3209800124168396 0.0625 0.31281399726867676
