1 0.49635401368141174 0.38888901472091675 0.109375 0.21111099421977997
1 0.5518230199813843 0.678704023361206 0.12447900325059891 0.20740699768066406
1 0.5408849716186523 0.8805559873580933 0.13489599525928497 0.15000000596046448
1 0.7875000238418579 0.7407410144805908 0.0552080012857914 0.1407410055398941
0 0.5223960280418396 0.7509260177612305 0.0697920024394989 0.10925900191068649
0 0.6932290196418762 0.8995370268821716 0.06458300352096558 0.11944399774074554
0 0.878125011920929 0.8087959885597229 0.06666699796915054 0.10648100078105927
0 0.8507810235023499 0.7245370149612427 0.05989599972963333 0.10277800261974335
0 0.635155975818634 0.367592990398407 0.05885399878025055 0.10740700364112854
0 0.5695310235023499 0.38379600644111633 0.05989599972963333 0.09722200036048889
0 0.5718749761581421 0.5648149847984314 0.06666699796915054 0.09814800322055817
0 0.6497399806976318 0.5064809918403625 0.01822900027036667 0.07777799665927887
0 0.734375 0.14259299635887146 0.06145799905061722 0.06481499969959259
0 0.7473959922790527 0.06203699856996536 0.06458300352096558 0.11111100018024445
0 0.619530975818634 0.15231500566005707 0.06302099674940109 0.10833299905061722
0 0.5632809996604919 0.1407410055398941 0.042187999933958054 0.10555599629878998
0 0.5377600193023682 0.2550930082798004 0.06302099674940109 0.1009259968996048
