0 0.43775999546051025 0.4101850092411041 0.07135400176048279 0.11481499671936035
0 0.4325520098209381 0.5708330273628235 0.0703120008111 0.125
0 0.6190099716186523 0.492592990398407 0.06614600121974945 0.1166670024394989
0 0.5958330035209656 0.3592590093612671 0.0697920024394989 0.11851900070905685
0 0.5541669726371765 0.6361110210418701 0.03229200094938278 0.12592600286006927
0 0.5979170203208923 0.6421300172805786 0.030208000913262367 0.13611100614070892
0 0.7671880125999451 0.7620369791984558 0.0697920024394989 0.09814800322055817
0 0.8627600073814392 0.48148098587989807 0.06406199932098389 0.12407399713993073
0 0.7276039719581604 0.4648149907588959 0.0708329975605011 0.12037000060081482
0 0.7958329916000366 0.2537040114402771 0.06041700020432472 0.11111100018024445
0 0.8098959922790527 0.331481009721756 0.0708329975605011 0.11481499671936035
0 0.8484370112419128 0.22036999464035034 0.05937499925494194 0.12407399713993073
0 0.8921880125999451 0.15925900638103485 0.05729199945926666 0.1166670024394989
0 0.940625011920929 0.3194440007209778 0.04270799830555916 0.11851900070905685
0 0.5994790196418762 0.11111100018024445 0.06666699796915054 0.1129629984498024
0 0.5984370112419128 0.1671299934387207 0.06875000149011612 0.1009259968996048
1 0.6989579796791077 0.3004629909992218 0.07604199647903442 0.2342589944601059
1 0.5843750238418579 0.6398149728775024 0.1333329975605011 0.10000000149011612
