9 0.552344024181366 0.628125011920929 0.20781299471855164 0.328125
9 0.2757810056209564 0.5734379887580872 0.2484380006790161 0.30937498807907104
7 0.7124999761581421 0.38593700528144836 0.10625000298023224 0.10625000298023224
7 0.5375000238418579 0.5 0.08124999701976776 0.078125
3 0.5242189764976501 0.3023439943790436 0.11093699932098389 0.1390630006790161
3 0.35078099370002747 0.31953099370002747 0.07656300067901611 0.15156200528144836
3 0.5093749761581421 0.4804689884185791 0.11874999850988388 0.08281199634075165
0 0.43281200528144836 0.3492189943790436 0.06875000149011612 0.07343800365924835
0 0.49140599370002747 0.33281299471855164 0.04843800142407417 0.06562499701976776
1 0.627344012260437 0.6242190003395081 0.1421869993209839 0.1734369993209839
