8 0.27265599370002747 0.2359369993209839 0.07343800365924835 0.07187499850988388
8 0.3687500059604645 0.23203100264072418 0.11874999850988388 0.057812999933958054
8 0.5953130125999451 0.627344012260437 0.10312499850988388 0.09531199932098389
8 0.591405987739563 0.47578099370002747 0.10468800365924835 0.09531199932098389
8 0.685155987739563 0.3554689884185791 0.07968699932098389 0.07656300067901611
8 0.421875 0.685155987739563 0.08437500149011612 0.09531199932098389
9 0.3226560056209564 0.4007810056209564 0.3203119933605194 0.32656198740005493
9 0.700780987739563 0.6015620231628418 0.1484380066394806 0.40937501192092896
0 0.5140619874000549 0.5609369874000549 0.09687499701976776 0.10000000149011612
0 0.3554689884185791 0.6031249761581421 0.0859379991889 0.09062500298023224
6 0.3031249940395355 0.574999988079071 0.09375 0.0625
3 0.2929689884185791 0.49531200528144836 0.1390630006790161 0.15312500298023224
6 0.5234379768371582 0.6796879768371582 0.06875000149011612 0.06875000149011612
