9 0.46015599370002747 0.5664060115814209 0.3046880066394806 0.37031200528144836
7 0.4937500059604645 0.26484400033950806 0.12187500298023224 0.1265619993209839
7 0.6804689764976501 0.3656249940395355 0.1265619993209839 0.12812499701976776
7 0.26875001192092896 0.6265630125999451 0.15937499701976776 0.14687499403953552
7 0.619530975818634 0.6132810115814209 0.12343800067901611 0.1265619993209839
1 0.7195309996604919 0.466405987739563 0.2328130006790161 0.1734369993209839
1 0.4570310115814209 0.34453099966049194 0.1578119993209839 0.1421869993209839
1 0.419530987739563 0.677344024181366 0.19218799471855164 0.2171880006790161
0 0.5695310235023499 0.43671900033950806 0.1015620008111 0.09843699634075165
0 0.5453119874000549 0.5328130125999451 0.09375 0.09375
0 0.2593750059604645 0.328125 0.10000000149011612 0.09375
8 0.346094012260437 0.3031249940395355 0.06718699634075165 0.05937499925494194
8 0.21875 0.40937501192092896 0.09375 0.09375
8 0.45781299471855164 0.40312498807907104 0.109375 0.078125
8 0.42890599370002747 0.44999998807907104 0.11406199634075165 0.09687499701976776
8 0.572655975818634 0.35624998807907104 0.08906300365924835 0.06562499701976776
8 0.6007810235023499 0.7390620112419128 0.07656300067901611 0.08124999701976776
8 0.3085939884185791 0.5617190003395081 0.07343800365924835 0.08281199634075165
3 0.29531198740005493 0.43906301259994507 0.08749999850988388 0.16875000298023224
3 0.314844012260437 0.408594012260437 0.16718700528144836 0.1546880006790161
