0 0.44348999857902527 0.4124999940395355 0.06302099674940109 0.11388900130987167
0 0.4325520098209381 0.5652779936790466 0.06718699634075165 0.11574099957942963
0 0.5942710041999817 0.3578700125217438 0.06354200094938278 0.11574099957942963
0 0.5942710041999817 0.4865739941596985 0.06875000149011612 0.1046300008893013
0 0.7307289838790894 0.5013890266418457 0.06562499701976776 0.125
0 0.8458330035209656 0.49814799427986145 0.06041700020432472 0.1129629984498024
0 0.885155975818634 0.744907021522522 0.06927099823951721 0.06388899683952332
0 0.768750011920929 0.762499988079071 0.0625 0.10648100078105927
0 0.6210939884185791 0.061110999435186386 0.07343800365924835 0.07222200185060501
0 0.7994790077209473 0.23472200334072113 0.06041700020432472 0.09722200036048889
0 0.796875 0.34675899147987366 0.05624999850988388 0.11203700304031372
0 0.6179689764976501 0.023148000240325928 0.07864599674940109 0.044443998485803604
0 0.8510419726371765 0.21342599391937256 0.0541669987142086 0.10648100078105927
0 0.9322919845581055 0.34213000535964966 0.04062499850988388 0.11203700304031372
0 0.5539060235023499 0.6435189843177795 0.03177100047469139 0.11111100018024445
0 0.606249988079071 0.612500011920929 0.020833000540733337 0.06203699856996536
1 0.6289060115814209 0.07777799665927887 0.05989599972963333 0.15370400249958038
1 0.7450519800186157 0.28796300292015076 0.05989599972963333 0.2296299934387207
1 0.5828120112419128 0.6495370268821716 0.13645799458026886 0.09907399863004684
1 0.8700519800186157 0.6476849913597107 0.06822899729013443 0.22129599750041962
