9 0.34453099966049194 0.450780987739563 0.33281299471855164 0.1796880066394806
9 0.515625 0.6609370112419128 0.11249999701976776 0.359375
7 0.653124988079071 0.2695310115814209 0.10000000149011612 0.09843699634075165
7 0.5109379887580872 0.4570310115814209 0.109375 0.10781300067901611
8 0.752344012260437 0.30546900629997253 0.06093699857592583 0.057812999933958054
8 0.549219012260437 0.22343799471855164 0.09843699634075165 0.10000000149011612
8 0.3492189943790436 0.3812499940395355 0.09218800067901611 0.06875000149011612
8 0.6499999761581421 0.5046870112419128 0.05624999850988388 0.0625
8 0.40781301259994507 0.763280987739563 0.07500000298023224 0.08906300365924835
8 0.424219012260437 0.5320309996604919 0.04531199857592583 0.09531199932098389
8 0.6726559996604919 0.37968799471855164 0.09218800067901611 0.05937499925494194
3 0.325780987739563 0.513280987739563 0.1484380066394806 0.0859379991889
1 0.567969024181366 0.39375001192092896 0.11406199634075165 0.12812499701976776
1 0.6726559996604919 0.4414060115814209 0.19843700528144836 0.09218800067901611
