0 0.44505199790000916 0.4157409965991974 0.06302099674940109 0.12592600286006927
0 0.42942699790000916 0.5611109733581543 0.06614600121974945 0.1129629984498024
0 0.5934900045394897 0.49351900815963745 0.0703120008111 0.12222199887037277
0 0.5901039838790894 0.3712959885597229 0.0697920024394989 0.07592599838972092
0 0.7328119874000549 0.4990740120410919 0.06562499701976776 0.11481499671936035
0 0.7671880125999451 0.764352023601532 0.06145799905061722 0.11574099957942963
0 0.8447920083999634 0.48981499671936035 0.0625 0.12222199887037277
0 0.8830729722976685 0.7439810037612915 0.07552099972963333 0.06388899683952332
0 0.5565099716186523 0.6476849913597107 0.03281300142407417 0.11574099957942963
0 0.6036459803581238 0.6083329916000366 0.026041999459266663 0.06851900368928909
1 0.581250011920929 0.6527780294418335 0.1333329975605011 0.10000000149011612
1 0.871874988079071 0.6365739703178406 0.06041700020432472 0.17870399355888367
