5 0.33208298683166504 0.11746200174093246 0.21916699409484863 0.11683399975299835
5 0.5483329892158508 0.4353019893169403 0.07166700065135956 0.2977389991283417
4 0.29499998688697815 0.23052799701690674 0.09666699916124344 0.13190999627113342
4 0.17874999344348907 0.39886900782585144 0.07583300024271011 0.10678400099277496
4 0.7699999809265137 0.3360550105571747 0.06833299994468689 0.09924600273370743
4 0.849166989326477 0.3856779932975769 0.0949999988079071 0.15075400471687317
0 0.6987500190734863 0.48115599155426025 0.0625 0.09296499937772751
0 0.44166699051856995 0.9604269862174988 0.06499999761581421 0.07914599776268005
1 0.41749998927116394 0.5307790040969849 0.09000000357627869 0.1520099937915802
1 0.5162500143051147 0.787060022354126 0.13249999284744263 0.27010101079940796
1 0.7558330297470093 0.1739950031042099 0.14333300292491913 0.27512601017951965
1 0.48625001311302185 0.3812809884548187 0.09916699677705765 0.22738699615001678
2 0.6862499713897705 0.41080400347709656 0.23250000178813934 0.05778900161385536
2 0.7295830249786377 0.5288940072059631 0.15583300590515137 0.18592999875545502
2 0.775833010673523 0.7556530237197876 0.23166699707508087 0.1620599925518036
2 0.47874999046325684 0.6105530261993408 0.18250000476837158 0.16582900285720825
2 0.7504169940948486 0.14447200298309326 0.18083299696445465 0.05527599900960922
2 0.3729169964790344 0.7493720054626465 0.16083300113677979 0.1570349931716919
3 0.5837500095367432 0.6388189792633057 0.07416699826717377 0.2123119980096817
3 0.7162500023841858 0.8184670209884644 0.1358329951763153 0.1620599925518036
3 0.6395829916000366 0.6130650043487549 0.07416699826717377 0.18844200670719147
3 0.6087499856948853 0.977387011051178 0.10249999910593033 0.045226000249385834
1 0.5341669917106628 0.6746230125427246 0.04666699841618538 0.12311600148677826
1 0.35166698694229126 0.6639450192451477 0.07666700333356857 0.1193469986319542
