1 0.35166698694229126 0.26319101452827454 0.086667001247406 0.2876879870891571
1 0.23499999940395355 0.33228600025177 0.19499999284744263 0.1620599925518036
1 0.37333300709724426 0.49120599031448364 0.15166699886322021 0.17085400223731995
1 0.6700000166893005 0.3253769874572754 0.09666699916124344 0.2060299962759018
3 0.4975000023841858 0.2889449894428253 0.14833299815654755 0.12814100086688995
3 0.30333301424980164 0.6143220067024231 0.13500000536441803 0.15326599776744843
3 0.5787500143051147 0.5577890276908875 0.12250000238418579 0.14070400595664978
5 0.5995830297470093 0.26947200298309326 0.09749999642372131 0.315326988697052
5 0.7612500190734863 0.3159550130367279 0.08583299815654755 0.3203519880771637
1 0.8133329749107361 0.3919599950313568 0.05000000074505806 0.12311600148677826
1 0.8445829749107361 0.33982399106025696 0.06916700303554535 0.1419599950313568
0 0.863332986831665 0.48743700981140137 0.06333299726247787 0.1030149981379509
0 0.7654169797897339 0.7097989916801453 0.0625 0.07035200297832489
2 0.6333330273628235 0.4673370122909546 0.26833298802375793 0.07035200297832489
2 0.7325000166893005 0.5320349931716919 0.20166699588298798 0.07914599776268005
2 0.8283330202102661 0.770101010799408 0.21833300590515137 0.18341700732707977
2 0.44916701316833496 0.7851759791374207 0.05333299934864044 0.3140699863433838
3 0.4833329916000366 0.5646979808807373 0.048333000391721725 0.17462299764156342
4 0.7712500095367432 0.9020100235939026 0.09416700154542923 0.14321599900722504
4 0.5179169774055481 0.8718590140342712 0.09416700154542923 0.14824099838733673
4 0.5016670227050781 0.7380650043487549 0.07166700065135956 0.10175900161266327
4 0.5904170274734497 0.6940950155258179 0.07583300024271011 0.10929600149393082
2 0.7833330035209656 0.6670849919319153 0.18000000715255737 0.07035200297832489
2 0.6395829916000366 0.8429650068283081 0.11749999970197678 0.228643000125885
