5 0.1850000023841858 0.3467339873313904 0.125 0.2989949882030487
5 0.5916669964790344 0.2110549956560135 0.20999999344348907 0.16080400347709656
4 0.29249998927116394 0.4566580057144165 0.09000000357627869 0.1419599950313568
4 0.8079169988632202 0.3354269862174988 0.09916699677705765 0.14824099838733673
4 0.4637500047683716 0.6180899739265442 0.07249999791383743 0.11306499689817429
4 0.4375 0.8260049819946289 0.0733330026268959 0.11180900037288666
2 0.6691669821739197 0.4723620116710663 0.05833299830555916 0.39447200298309326
2 0.9220830202102661 0.7211059927940369 0.10416699945926666 0.2989949882030487
2 0.34666699171066284 0.6777639985084534 0.18000000715255737 0.19723600149154663
2 0.8029170036315918 0.6180899739265442 0.20583300292491913 0.06783899664878845
0 0.14499999582767487 0.5703520178794861 0.05999999865889549 0.08793999999761581
0 0.19374999403953552 0.770101010799408 0.060832999646663666 0.08793999999761581
3 0.6241670250892639 0.8335430026054382 0.09666699916124344 0.20979900658130646
3 0.6595829725265503 0.8944720029830933 0.0841670036315918 0.20854300260543823
3 0.7512500286102295 0.5232409834861755 0.12250000238418579 0.12437199801206589
3 0.5754169821739197 0.4195980131626129 0.06416700035333633 0.17839199304580688
2 0.925832986831665 0.4949750006198883 0.04500000178813934 0.2763819992542267
2 0.3412500023841858 0.5747489929199219 0.16083300113677979 0.14447200298309326
1 0.4087499976158142 0.4930900037288666 0.1525000035762787 0.1520099937915802
1 0.6175000071525574 0.6721109747886658 0.19499999284744263 0.1909549981355667
1 0.6175000071525574 0.5891960263252258 0.13833299279212952 0.16080400347709656
1 0.22374999523162842 0.625 0.1274999976158142 0.2776379883289337
1 0.8329169750213623 0.7971109747886658 0.08583299815654755 0.08919599652290344
1 0.16541700065135956 0.668969988822937 0.07750000059604645 0.11180900037288666
