0 0.5450519919395447 0.1453700065612793 0.07239600270986557 0.11481499671936035
0 0.5388020277023315 0.23379600048065186 0.06927099823951721 0.10648100078105927
0 0.5481770038604736 0.401852011680603 0.06093699857592583 0.10555599629878998
0 0.8497400283813477 0.3291670083999634 0.04635399952530861 0.09907399863004684
0 0.9278650283813477 0.3495369851589203 0.06093699857592583 0.11388900130987167
0 0.9690099954605103 0.4509260058403015 0.057812999933958054 0.1129629984498024
0 0.8981770277023315 0.44027799367904663 0.06197899952530861 0.11759299784898758
0 0.8450520038604736 0.4425930082798004 0.054687999188899994 0.09629599750041962
0 0.8546879887580872 0.6050930023193359 0.06145799905061722 0.11574099957942963
0 0.8447920083999634 0.7166669964790344 0.06354200094938278 0.10000000149011612
0 0.8765630125999451 0.8069440126419067 0.0625 0.11574099957942963
0 0.6942710280418396 0.8949069976806641 0.06770800054073334 0.11388900130987167
0 0.5213540196418762 0.7490739822387695 0.06666699796915054 0.12407399713993073
1 0.47291699051856995 0.3185189962387085 0.09270799905061722 0.2222220003604889
1 0.5364580154418945 0.8935189843177795 0.13437500596046448 0.13518500328063965
1 0.5455729961395264 0.6546300053596497 0.12239599972963333 0.1740739941596985
1 0.7994790077209473 0.6819440126419067 0.0541669987142086 0.23611100018024445
