0 0.6265630125999451 0.3242189884185791 0.0625 0.06093699857592583
7 0.5585939884185791 0.25312501192092896 0.10781300067901611 0.09062500298023224
7 0.6960939764976501 0.450780987739563 0.08906300365924835 0.0859379991889
1 0.5687500238418579 0.3945310115814209 0.16562500596046448 0.06718699634075165
1 0.4320310056209564 0.35859400033950806 0.0859379991889 0.11406199634075165
1 0.29843801259994507 0.6890630125999451 0.10000000149011612 0.171875
3 0.3945310115814209 0.5171880125999451 0.1265619993209839 0.06562499701976776
6 0.346094012260437 0.6625000238418579 0.04843800142407417 0.06562499701976776
9 0.48906299471855164 0.599219024181366 0.296875 0.08906300365924835
9 0.4140619933605194 0.33281299471855164 0.296875 0.0625
8 0.19609400629997253 0.5398439764976501 0.06093699857592583 0.051562000066041946
8 0.2601560056209564 0.4164060056209564 0.07343800365924835 0.06406199932098389
8 0.541405975818634 0.658594012260437 0.051562000066041946 0.04843800142407417
8 0.503125011920929 0.6968749761581421 0.04374999925494194 0.05937499925494194
8 0.4468750059604645 0.744530975818634 0.078125 0.07656300067901611
