8 0.625 0.390625 0.05312500149011612 0.046875
8 0.6046879887580872 0.44843700528144836 0.07500000298023224 0.08749999850988388
8 0.484375 0.45234400033950806 0.09375 0.09218800067901611
8 0.5234379768371582 0.503125011920929 0.08124999701976776 0.046875
8 0.5820310115814209 0.543749988079071 0.054687999188899994 0.09062500298023224
8 0.5460940003395081 0.6335939764976501 0.057812999933958054 0.054687999188899994
8 0.6187499761581421 0.684374988079071 0.046875 0.05312500149011612
7 0.6648439764976501 0.29843801259994507 0.10468800365924835 0.10312499850988388
7 0.5249999761581421 0.310155987739563 0.09375 0.09531199932098389
1 0.46015599370002747 0.35859400033950806 0.12031300365924835 0.11406199634075165
1 0.5562499761581421 0.40937501192092896 0.06562499701976776 0.06875000149011612
3 0.6468750238418579 0.45468801259994507 0.09062500298023224 0.125
6 0.5148440003395081 0.564844012260437 0.051562000066041946 0.06718699634075165
9 0.7015619874000549 0.4960939884185791 0.140625 0.31718799471855164
9 0.42031198740005493 0.5453119874000549 0.21562500298023224 0.30000001192092896
