6 0.28880199790000916 0.3784720003604889 0.21510399878025055 0.4472219944000244
6 0.6315100193023682 0.44999998807907104 0.0859379991889 0.4930559992790222
0 0.48020800948143005 0.20694400370121002 0.04479200020432472 0.06805600225925446
0 0.40026000142097473 0.33611100912094116 0.10781300067901611 0.15416699647903442
0 0.5322920083999634 0.5006939768791199 0.11874999850988388 0.16249999403953552
0 0.46302101016044617 0.6534720063209534 0.09062500298023224 0.12222199887037277
0 0.2075520008802414 0.815625011920929 0.05364599823951721 0.06736099720001221
0 0.35182300209999084 0.8510419726371765 0.10052099823951721 0.12569400668144226
6 0.4309900104999542 0.4673610031604767 0.32447901368141174 0.5458329916000366
6 0.49687498807907104 0.41631901264190674 0.1177079975605011 0.1645829975605011
6 0.7518230080604553 0.4868060052394867 0.12968799471855164 0.6666669845581055
6 0.45572900772094727 0.7246530055999756 0.14270800352096558 0.12708300352096558
6 0.6752600073814392 0.41527798771858215 0.07135400176048279 0.2138890027999878
6 0.5986980199813843 0.7420139908790588 0.1015620008111 0.19652800261974335
