3 0.29765599966049194 0.3515619933605194 0.1390630006790161 0.06875000149011612
8 0.15625 0.5460940003395081 0.05937499925494194 0.06718699634075165
8 0.5687500238418579 0.7171869874000549 0.06562499701976776 0.06875000149011612
8 0.596875011920929 0.578125 0.046875 0.05312500149011612
8 0.45625001192092896 0.591405987739563 0.08437500149011612 0.054687999188899994
8 0.32890599966049194 0.564844012260437 0.0859379991889 0.08906300365924835
8 0.3062500059604645 0.7507809996604919 0.06562499701976776 0.09531199932098389
6 0.49531200528144836 0.5164059996604919 0.05937499925494194 0.051562000066041946
9 0.6078119874000549 0.32343700528144836 0.30000001192092896 0.234375
1 0.6679689884185791 0.42656299471855164 0.1734369993209839 0.11249999701976776
1 0.20937499403953552 0.49921900033950806 0.09062500298023224 0.1390630006790161
7 0.20937499403953552 0.6171879768371582 0.125 0.12187500298023224
7 0.5585939884185791 0.541405975818634 0.1171879991889 0.12031300365924835
8 0.5562499761581421 0.783594012260437 0.09062500298023224 0.054687999188899994
