0 0.43671900033950806 0.40694400668144226 0.06614600121974945 0.10833299905061722
0 0.4320310056209564 0.5625 0.06614600121974945 0.11018499732017517
0 0.5513020157814026 0.6370369791984558 0.03697900101542473 0.12407399713993073
0 0.5973960161209106 0.6416670083999634 0.03645800054073334 0.1166670024394989
0 0.7726560235023499 0.7634260058403015 0.06614600121974945 0.10648100078105927
0 0.6179689764976501 0.5055559873580933 0.06614600121974945 0.09629599750041962
0 0.8622400164604187 0.4828700125217438 0.06718699634075165 0.1212960034608841
0 0.9445310235023499 0.32129600644111633 0.04635399952530861 0.12222199887037277
0 0.8924480080604553 0.15463000535964966 0.06093699857592583 0.11111100018024445
0 0.8515620231628418 0.21713000535964966 0.06145799905061722 0.11759299784898758
0 0.8078129887580872 0.24212999641895294 0.03437500074505806 0.08425900340080261
0 0.8138020038604736 0.3342590034008026 0.05572900176048279 0.10925900191068649
1 0.5833330154418945 0.6421300172805786 0.1322920024394989 0.09722200036048889
