8 0.6023439764976501 0.27968698740005493 0.07968699932098389 0.10312499850988388
8 0.37968799471855164 0.24531200528144836 0.07500000298023224 0.07500000298023224
8 0.640625 0.7953119874000549 0.08437500149011612 0.09375
8 0.4726560115814209 0.4492189884185791 0.1171879991889 0.054687999188899994
8 0.48515599966049194 0.4921880066394806 0.1171879991889 0.046875
8 0.2710939943790436 0.28437501192092896 0.11093699932098389 0.11249999701976776
8 0.2851560115814209 0.6468750238418579 0.12031300365924835 0.09375
7 0.46406200528144836 0.24921900033950806 0.12812499701976776 0.16093799471855164
7 0.690625011920929 0.27265599370002747 0.125 0.12031300365924835
7 0.612500011920929 0.6101559996604919 0.12187500298023224 0.12031300365924835
7 0.4117189943790436 0.8367189764976501 0.1546880006790161 0.1640619933605194
1 0.7046880125999451 0.471094012260437 0.21875 0.16718700528144836
1 0.502344012260437 0.6007810235023499 0.0859379991889 0.09843699634075165
1 0.5296869874000549 0.37812501192092896 0.16562500596046448 0.11874999850988388
3 0.2226559966802597 0.47031301259994507 0.09531199932098389 0.18437500298023224
3 0.35468700528144836 0.4937500059604645 0.16562500596046448 0.14687499403953552
0 0.32968801259994507 0.3499999940395355 0.10625000298023224 0.109375
0 0.6476560235023499 0.4124999940395355 0.10468800365924835 0.10312499850988388
0 0.5632809996604919 0.5265629887580872 0.1015620008111 0.109375
9 0.45468801259994507 0.6960939764976501 0.31562501192092896 0.3671880066394806
