6 0.7458329796791077 0.2871530055999756 0.3916670083999634 0.45763900876045227
6 0.47968700528144836 0.36354199051856995 0.22291700541973114 0.6118059754371643
6 0.31406301259994507 0.14583300054073334 0.08854199945926666 0.19444400072097778
6 0.4906249940395355 0.706250011920929 0.10416699945926666 0.19305600225925446
6 0.13932299613952637 0.5475689768791199 0.08072900027036667 0.48958298563957214
6 0.5585939884185791 0.4281249940395355 0.1963540017604828 0.45763900876045227
0 0.3179689943790436 0.25659701228141785 0.05364599823951721 0.06041700020432472
0 0.2734380066394806 0.35624998807907104 0.10416699945926666 0.125
0 0.6377599835395813 0.3857640027999878 0.12135399878025055 0.15902799367904663
0 0.5911459922790527 0.5972219705581665 0.04895799979567528 0.06527800112962723
0 0.4296880066394806 0.5104169845581055 0.09687499701976776 0.12222199887037277
0 0.372655987739563 0.6177080273628235 0.12135399878025055 0.15486100316047668
6 0.4752599895000458 0.8399310111999512 0.05052100121974945 0.21875
6 0.3520829975605011 0.38298600912094116 0.05624999850988388 0.22013899683952332
