9 0.43906301259994507 0.283594012260437 0.22499999403953552 0.2890619933605194
7 0.7695310115814209 0.43906301259994507 0.1171879991889 0.11874999850988388
7 0.28437501192092896 0.5945309996604919 0.11874999850988388 0.09843699634075165
1 0.45468801259994507 0.40468698740005493 0.10312499850988388 0.17499999701976776
1 0.6320310235023499 0.4570310115814209 0.12968799471855164 0.10468800365924835
0 0.2421880066394806 0.484375 0.06875000149011612 0.07187499850988388
0 0.6023439764976501 0.7664059996604919 0.08906300365924835 0.08906300365924835
8 0.37578099966049194 0.4882810115814209 0.057812999933958054 0.057812999933958054
8 0.361719012260437 0.5296869874000549 0.0859379991889 0.07187499850988388
8 0.23359400033950806 0.6546869874000549 0.07343800365924835 0.07500000298023224
8 0.48906299471855164 0.859375 0.09062500298023224 0.078125
3 0.31328099966049194 0.5820310115814209 0.08906300365924835 0.12968799471855164
