3 0.5460940003395081 0.2015630006790161 0.1265619993209839 0.09062500298023224
3 0.421875 0.5296869874000549 0.15000000596046448 0.06562499701976776
0 0.2874999940395355 0.4414060115814209 0.05937499925494194 0.06406199932098389
0 0.5062500238418579 0.546875 0.07187499850988388 0.07187499850988388
8 0.46953099966049194 0.6109380125999451 0.06406199932098389 0.08437500149011612
8 0.5671870112419128 0.628125011920929 0.06562499701976776 0.08437500149011612
8 0.294530987739563 0.512499988079071 0.07343800365924835 0.0625
8 0.3343749940395355 0.455469012260437 0.05624999850988388 0.04531199857592583
7 0.533594012260437 0.32343700528144836 0.09531199932098389 0.10000000149011612
7 0.6984379887580872 0.34531301259994507 0.08437500149011612 0.08749999850988388
1 0.41093799471855164 0.34375 0.11249999701976776 0.15312500298023224
1 0.45781299471855164 0.544530987739563 0.078125 0.1171879991889
9 0.5164059996604919 0.4414060115814209 0.30156299471855164 0.09843699634075165
