9 0.46171900629997253 0.36015599966049194 0.31406301259994507 0.08906300365924835
9 0.5062500238418579 0.627344012260437 0.3187499940395355 0.0859379991889
8 0.1890619993209839 0.39218801259994507 0.05937499925494194 0.05000000074505806
8 0.1445309966802597 0.5351560115814209 0.06093699857592583 0.08281199634075165
8 0.25703099370002747 0.763280987739563 0.06093699857592583 0.06093699857592583
8 0.43046900629997253 0.560155987739563 0.051562000066041946 0.04843800142407417
8 0.59375 0.49843698740005493 0.078125 0.05624999850988388
0 0.5820310115814209 0.5773440003395081 0.06718699634075165 0.03281300142407417
3 0.671875 0.43046900629997253 0.140625 0.10781300067901611
1 0.38203099370002747 0.47187501192092896 0.07343800365924835 0.18125000596046448
1 0.4749999940395355 0.4312500059604645 0.125 0.08437500149011612
1 0.32343700528144836 0.7703120112419128 0.12812499701976776 0.171875
6 0.3804689943790436 0.7703120112419128 0.04843800142407417 0.06875000149011612
7 0.48124998807907104 0.46718698740005493 0.08749999850988388 0.078125
7 0.6445310115814209 0.550000011920929 0.09218800067901611 0.08749999850988388
