8 0.5531250238418579 0.13593700528144836 0.08749999850988388 0.08437500149011612
8 0.5867189764976501 0.5984370112419128 0.08906300365924835 0.0625
8 0.510155975818634 0.6578130125999451 0.08281199634075165 0.08437500149011612
8 0.4257810115814209 0.674219012260437 0.06093699857592583 0.06406199932098389
8 0.36093801259994507 0.390625 0.05000000074505806 0.05312500149011612
3 0.6031249761581421 0.22343799471855164 0.13124999403953552 0.11249999701976776
3 0.7250000238418579 0.3242189884185791 0.140625 0.10468800365924835
7 0.30390599370002747 0.471094012260437 0.11093699932098389 0.09531199932098389
7 0.26484400033950806 0.5554689764976501 0.08906300365924835 0.08906300365924835
0 0.2148440033197403 0.46406200528144836 0.06718699634075165 0.06875000149011612
0 0.543749988079071 0.4140619933605194 0.0625 0.06562499701976776
9 0.4140619933605194 0.3375000059604645 0.3125 0.08749999850988388
9 0.38906198740005493 0.5117189884185791 0.24687500298023224 0.26406198740005493
1 0.5507810115814209 0.47187501192092896 0.13593700528144836 0.15937499701976776
1 0.6804689764976501 0.6390619874000549 0.09843699634075165 0.12187500298023224
