7 0.7101560235023499 0.5296869874000549 0.09531199932098389 0.08124999701976776
7 0.5476559996604919 0.4476560056209564 0.08906300365924835 0.07968699932098389
9 0.5359370112419128 0.33906200528144836 0.3125 0.09375
9 0.574999988079071 0.606249988079071 0.32499998807907104 0.078125
3 0.744530975818634 0.41328099370002747 0.1421869993209839 0.10468800365924835
1 0.44999998807907104 0.4468750059604645 0.07500000298023224 0.171875
1 0.5460940003395081 0.4101560115814209 0.12343800067901611 0.08906300365924835
1 0.3843750059604645 0.5507810115814209 0.0625 0.06718699634075165
0 0.642969012260437 0.5585939884185791 0.06093699857592583 0.026561999693512917
6 0.37578099966049194 0.7703120112419128 0.06093699857592583 0.05312500149011612
8 0.25859400629997253 0.36250001192092896 0.051562000066041946 0.05000000074505806
8 0.28437501192092896 0.5039060115814209 0.04374999925494194 0.0859379991889
8 0.3671880066394806 0.46718698740005493 0.0625 0.05937499925494194
8 0.49843698740005493 0.5382810235023499 0.046875 0.051562000066041946
8 0.6601560115814209 0.4804689884185791 0.07656300067901611 0.054687999188899994
