0 0.546875 0.15046299993991852 0.08020800352096558 0.1046300008893013
0 0.5427079796791077 0.24027800559997559 0.0697920024394989 0.1009259968996048
0 0.7075520157814026 0.2833330035209656 0.06614600121974945 0.12037000060081482
0 0.8729169964790344 0.30694401264190674 0.05937499925494194 0.11574099957942963
0 0.9302080273628235 0.34074100852012634 0.05937499925494194 0.09629599750041962
0 0.8247399926185608 0.4231480062007904 0.05885399878025055 0.1166670024394989
0 0.8820310235023499 0.4328700006008148 0.05885399878025055 0.1287039965391159
0 0.9695309996604919 0.45370399951934814 0.05989599972963333 0.12407399713993073
0 0.5489580035209656 0.40092599391937256 0.06354200094938278 0.10925900191068649
0 0.6023439764976501 0.5527780055999756 0.06197899952530861 0.11111100018024445
0 0.6645830273628235 0.5347219705581665 0.0697920024394989 0.125
0 0.8273440003395081 0.6157410144805908 0.06927099823951721 0.11481499671936035
0 0.7830730080604553 0.7078700065612793 0.06510400027036667 0.1287039965391159
0 0.8752599954605103 0.8189809918403625 0.06718699634075165 0.125
0 0.6963539719581604 0.8953700065612793 0.0708329975605011 0.12037000060081482
0 0.5213540196418762 0.742592990398407 0.0625 0.12037000060081482
1 0.4721350073814392 0.3171299993991852 0.09218800067901611 0.21574099361896515
1 0.5515620112419128 0.6421300172805786 0.13020800054073334 0.13425900042057037
1 0.7226560115814209 0.6976850032806396 0.06302099674940109 0.2342589944601059
1 0.5356770157814026 0.8879629969596863 0.1401039958000183 0.12407399713993073
