0 0.581250011920929 0.21203699707984924 0.0708329975605011 0.07592599838972092
0 0.6859369874000549 0.18796299397945404 0.05833299830555916 0.12592600286006927
0 0.7497400045394897 0.16666699945926666 0.04427099972963333 0.12592600286006927
0 0.8252599835395813 0.22870400547981262 0.06510400027036667 0.08148100227117538
0 0.841405987739563 0.3402779996395111 0.03281300142407417 0.1287039965391159
0 0.849219024181366 0.4675930142402649 0.039062000811100006 0.11851900070905685
0 0.8645830154418945 0.7296299934387207 0.06875000149011612 0.11851900070905685
0 0.752344012260437 0.8337960243225098 0.04427099972963333 0.13055600225925446
0 0.5955730080604553 0.5828700065612793 0.05885399878025055 0.1212960034608841
0 0.5018230080604553 0.6870369911193848 0.042187999933958054 0.12592600286006927
0 0.5221350193023682 0.3194440007209778 0.06927099823951721 0.08703699707984924
0 0.6692709922790527 0.5648149847984314 0.06145799905061722 0.12592600286006927
0 0.7065100073814392 0.49722200632095337 0.04947900027036667 0.1129629984498024
0 0.6291670203208923 0.3495369851589203 0.06770800054073334 0.11944399774074554
0 0.7088540196418762 0.33101901412010193 0.06145799905061722 0.13055600225925446
0 0.7723960280418396 0.589352011680603 0.0708329975605011 0.08425900340080261
1 0.4770829975605011 0.4708330035209656 0.0708329975605011 0.13240699470043182
1 0.6416670083999634 0.7638890147209167 0.06145799905061722 0.10185199975967407
1 0.7059900164604187 0.6912040114402771 0.057812999933958054 0.08796299993991852
1 0.7854170203208923 0.5587959885597229 0.07916700094938278 0.24722200632095337
