9 0.6679689884185791 0.49296900629997253 0.21406200528144836 0.2484380006790161
9 0.46953099966049194 0.5226560235023499 0.26406198740005493 0.1953119933605194
8 0.619530975818634 0.25312501192092896 0.06093699857592583 0.06875000149011612
8 0.3867189884185791 0.46562498807907104 0.057812999933958054 0.05624999850988388
8 0.637499988079071 0.4468750059604645 0.05312500149011612 0.046875
8 0.5328130125999451 0.6390619874000549 0.046875 0.08437500149011612
8 0.234375 0.5390620231628418 0.078125 0.07500000298023224
0 0.3218750059604645 0.5539060235023499 0.05937499925494194 0.06406199932098389
0 0.669530987739563 0.588280975818634 0.06718699634075165 0.06406199932098389
7 0.453125 0.6109380125999451 0.08124999701976776 0.08437500149011612
7 0.4273439943790436 0.40625 0.08906300365924835 0.10312499850988388
3 0.5953130125999451 0.34843799471855164 0.0625 0.12187500298023224
3 0.44218799471855164 0.40546900033950806 0.12187500298023224 0.08281199634075165
1 0.5718749761581421 0.5265629887580872 0.13437500596046448 0.125
1 0.5929690003395081 0.6398440003395081 0.08906300365924835 0.1171879991889
