6 0.3302080035209656 0.8270829916000366 0.14374999701976776 0.14444400370121002
1 0.4622400104999542 0.8652780055999756 0.07135400176048279 0.08333300054073334
1 0.419530987739563 0.4552080035209656 0.04010400176048279 0.11041700094938278
0 0.4622400104999542 0.2520830035209656 0.035937000066041946 0.05555599927902222
0 0.5265629887580872 0.45972201228141785 0.04895799979567528 0.0805559977889061
0 0.6791669726371765 0.5305560231208801 0.12187500298023224 0.18333299458026886
0 0.6114580035209656 0.6326389908790588 0.04895799979567528 0.06944400072097778
0 0.21979199349880219 0.3809030055999756 0.125 0.15625
0 0.36536499857902527 0.5815969705581665 0.09843699634075165 0.11874999850988388
0 0.38489601016044617 0.7163190245628357 0.09270799905061722 0.13263900578022003
1 0.1361979991197586 0.6156250238418579 0.042187999933958054 0.050693999975919724
1 0.2700519859790802 0.26145800948143005 0.035937000066041946 0.057638999074697495
1 0.48567700386047363 0.7131940126419067 0.10677099972963333 0.15833300352096558
6 0.08099000155925751 0.6184030175209045 0.1494790017604828 0.38263899087905884
6 0.37578099966049194 0.2753469944000244 0.10364600270986557 0.12013900279998779
6 0.5765619874000549 0.7142360210418701 0.26249998807907104 0.39097198843955994
6 0.5304690003395081 0.3125 0.16093799471855164 0.1069440022110939
6 0.24583299458026886 0.6649309992790222 0.23958300054073334 0.6145830154418945
