3 0.6007810235023499 0.17812499403953552 0.10468800365924835 0.06875000149011612
3 0.38359400629997253 0.5921869874000549 0.07656300067901611 0.10625000298023224
0 0.517969012260437 0.5242189764976501 0.04531199857592583 0.051562000066041946
0 0.2304690033197403 0.3554689884185791 0.057812999933958054 0.054687999188899994
7 0.27031299471855164 0.3023439943790436 0.06562499701976776 0.0703120008111
7 0.299219012260437 0.5773440003395081 0.07968699932098389 0.07656300067901611
8 0.596875011920929 0.6140620112419128 0.06562499701976776 0.06562499701976776
8 0.38984400033950806 0.6679689884185791 0.039062000811100006 0.07343800365924835
8 0.3398439884185791 0.671875 0.06093699857592583 0.06562499701976776
8 0.234375 0.5796880125999451 0.046875 0.04374999925494194
8 0.30781200528144836 0.2578119933605194 0.04374999925494194 0.04374999925494194
9 0.5249999761581421 0.31093698740005493 0.21562500298023224 0.16562500596046448
9 0.3343749940395355 0.34687501192092896 0.19687500596046448 0.19374999403953552
1 0.41328099370002747 0.390625 0.09843699634075165 0.07500000298023224
1 0.497655987739563 0.9015629887580872 0.09531199932098389 0.140625
