0 0.44010400772094727 0.4124999940395355 0.06875000149011612 0.11388900130987167
0 0.4320310056209564 0.5671300292015076 0.07447899878025055 0.11944399774074554
0 0.5953130125999451 0.3578700125217438 0.06354200094938278 0.10277800261974335
0 0.6247400045394897 0.4907410144805908 0.06822899729013443 0.11851900070905685
0 0.7690100073814392 0.7652779817581177 0.05885399878025055 0.1212960034608841
0 0.84375 0.4953700006008148 0.06562499701976776 0.12222199887037277
0 0.8867189884185791 0.744907021522522 0.07343800365924835 0.06203699856996536
0 0.7278649806976318 0.49351900815963745 0.0703120008111 0.12222199887037277
0 0.7953119874000549 0.35740700364112854 0.06354200094938278 0.11481499671936035
0 0.7929689884185791 0.2416670024394989 0.06614600121974945 0.10370399802923203
0 0.849219024181366 0.22036999464035034 0.05572900176048279 0.12777799367904663
0 0.8924480080604553 0.15185199677944183 0.06197899952530861 0.10925900191068649
0 0.8359379768371582 0.061110999435186386 0.05624999850988388 0.11111100018024445
0 0.9403650164604187 0.3208329975605011 0.05052100121974945 0.13055600225925446
0 0.6151040196418762 0.0203699991106987 0.07291699945926666 0.03518500179052353
0 0.6247400045394897 0.06435199826955795 0.07656300067901611 0.07500000298023224
0 0.5539060235023499 0.651852011680603 0.035937000066041946 0.12777799367904663
0 0.6041669845581055 0.6402779817581177 0.022917000576853752 0.13055600225925446
1 0.5830730199813843 0.6449069976806641 0.14322899281978607 0.11574099957942963
1 0.8799480199813843 0.6574069857597351 0.0703120008111 0.2259259968996048
1 0.7382810115814209 0.33472201228141785 0.05677099898457527 0.26759299635887146
1 0.6257809996604919 0.08703699707984924 0.0703120008111 0.15555599331855774
