7 0.6515629887580872 0.3164060115814209 0.08749999850988388 0.08281199634075165
7 0.6984379887580872 0.5843750238418579 0.09375 0.09687499701976776
7 0.39531299471855164 0.29531198740005493 0.10625000298023224 0.10000000149011612
1 0.5117189884185791 0.1914059966802597 0.08281199634075165 0.12343800067901611
3 0.546875 0.38749998807907104 0.12812499701976776 0.07187499850988388
3 0.588280975818634 0.767969012260437 0.12031300365924835 0.12031300365924835
3 0.403905987739563 0.46796900033950806 0.1171879991889 0.10468800365924835
0 0.690625011920929 0.44999998807907104 0.08124999701976776 0.09062500298023224
0 0.37968799471855164 0.7453129887580872 0.05937499925494194 0.078125
9 0.4414060115814209 0.471094012260437 0.2265619933605194 0.2734380066394806
9 0.3656249940395355 0.6601560115814209 0.27812498807907104 0.2109380066394806
