6 0.6575520038604736 0.20902800559997559 0.4296880066394806 0.38888901472091675
6 0.8052080273628235 0.6263890266418457 0.05833299830555916 0.20416699349880219
6 0.27421900629997253 0.7833330035209656 0.4151040017604828 0.4111109972000122
6 0.6356769800186157 0.7954859733581543 0.1473959982395172 0.1284720003604889
6 0.560155987739563 0.36354199051856995 0.10052099823951721 0.48402801156044006
6 0.12734399735927582 0.4315969944000244 0.25364598631858826 0.4048610031604767
0 0.23072899878025055 0.16979199647903442 0.1177079975605011 0.16875000298023224
0 0.42447900772094727 0.4638890027999878 0.09062500298023224 0.1166670024394989
0 0.43385401368141174 0.6392359733581543 0.05000000074505806 0.07152800261974335
0 0.49531200528144836 0.7357640266418457 0.08749999850988388 0.1284720003604889
0 0.5874999761581421 0.7069439888000488 0.05833299830555916 0.06666699796915054
0 0.6770830154418945 0.5090280175209045 0.12708300352096558 0.16249999403953552
6 0.28046900033950806 0.4819439947605133 0.1401039958000183 0.1527779996395111
6 0.34947898983955383 0.6548609733581543 0.07291699945926666 0.20972199738025665
