6 0.16145800054073334 0.32881900668144226 0.3104169964790344 0.5743060111999512
6 0.7216150164604187 0.37951400876045227 0.34010401368141174 0.5270829796791077
6 0.6234369874000549 0.8059030175209045 0.06354200094938278 0.19791699945926666
6 0.31171900033950806 0.2895829975605011 0.07447899878025055 0.21250000596046448
6 0.44557300209999084 0.5729169845581055 0.12864600121974945 0.4708330035209656
6 0.3057290017604828 0.8343750238418579 0.3604170083999634 0.20624999701976776
6 0.6036459803581238 0.46423599123954773 0.07187499850988388 0.22013899683952332
6 0.7651039958000183 0.7145829796791077 0.15312500298023224 0.13055600225925446
0 0.5218750238418579 0.27326399087905884 0.05208300054073334 0.06458300352096558
0 0.21640600264072418 0.5843750238418579 0.10781300067901611 0.12291699647903442
0 0.39375001192092896 0.6802080273628235 0.11874999850988388 0.1645829975605011
0 0.5552080273628235 0.6493059992790222 0.1020829975605011 0.12361100316047668
0 0.6895830035209656 0.5649309754371643 0.05312500149011612 0.07013899832963943
0 0.7648440003395081 0.8822919726371765 0.13489599525928497 0.17986099421977997
