8 0.7046880125999451 0.6140620112419128 0.078125 0.078125
8 0.533594012260437 0.35234400629997253 0.06718699634075165 0.07343800365924835
8 0.43593698740005493 0.6257809996604919 0.109375 0.12343800067901611
8 0.3984380066394806 0.690625011920929 0.10312499850988388 0.09375
0 0.3554689884185791 0.35624998807907104 0.1015620008111 0.09687499701976776
0 0.4632810056209564 0.4429689943790436 0.10781300067901611 0.11406199634075165
6 0.32343700528144836 0.5078120231628418 0.08749999850988388 0.09375
1 0.6046879887580872 0.3695310056209564 0.16562500596046448 0.1703130006790161
1 0.550000011920929 0.4937500059604645 0.2562499940395355 0.10625000298023224
7 0.5851560235023499 0.6804689764976501 0.14531299471855164 0.1796880066394806
3 0.557030975818634 0.708594024181366 0.1578119993209839 0.1953119933605194
