3 0.5539060235023499 0.32734400033950806 0.0703120008111 0.1265619993209839
3 0.38906198740005493 0.3851560056209564 0.125 0.08281199634075165
8 0.33125001192092896 0.4468750059604645 0.05937499925494194 0.05624999850988388
8 0.17734399437904358 0.528905987739563 0.08906300365924835 0.08281199634075165
8 0.4882810115814209 0.630469024181366 0.051562000066041946 0.08906300365924835
8 0.5742189884185791 0.43281200528144836 0.07968699932098389 0.04062499850988388
8 0.6000000238418579 0.421875 0.05000000074505806 0.04374999925494194
0 0.26718801259994507 0.5382810235023499 0.06562499701976776 0.06718699634075165
0 0.6328120231628418 0.575780987739563 0.06875000149011612 0.06718699634075165
7 0.403905987739563 0.6000000238418579 0.0859379991889 0.08437500149011612
7 0.377344012260437 0.3867189884185791 0.09531199932098389 0.11406199634075165
1 0.5273439884185791 0.513280987739563 0.13593700528144836 0.12968799471855164
1 0.552344024181366 0.628125011920929 0.08906300365924835 0.11874999850988388
9 0.6289060115814209 0.4749999940395355 0.2265619933605194 0.2562499940395355
9 0.4140619933605194 0.5062500238418579 0.26249998807907104 0.20624999701976776
