7 0.31328099966049194 0.29374998807907104 0.1390630006790161 0.125
0 0.7109379768371582 0.49296900629997253 0.09687499701976776 0.09843699634075165
0 0.40312498807907104 0.40625 0.07500000298023224 0.09062500298023224
1 0.22734400629997253 0.41093799471855164 0.16093799471855164 0.11874999850988388
1 0.46796900033950806 0.6914060115814209 0.1328119933605194 0.2015630006790161
8 0.2874999940395355 0.43906301259994507 0.0625 0.05624999850988388
8 0.1679690033197403 0.5117189884185791 0.07656300067901611 0.06093699857592583
8 0.30937498807907104 0.786719024181366 0.08749999850988388 0.09843699634075165
8 0.34062498807907104 0.6601560115814209 0.11562500149011612 0.06718699634075165
9 0.3789060115814209 0.5171880125999451 0.3828119933605194 0.17499999701976776
8 0.26875001192092896 0.34531301259994507 0.07187499850988388 0.06562499701976776
6 0.2734380066394806 0.625 0.09375 0.08124999701976776
6 0.5742189884185791 0.6984379887580872 0.057812999933958054 0.0625
3 0.35078099370002747 0.5164059996604919 0.08906300365924835 0.16718700528144836
