9 0.234375 0.541405975818634 0.3375000059604645 0.27968698740005493
9 0.5015630125999451 0.4921880066394806 0.4000000059604645 0.13750000298023224
1 0.39375001192092896 0.4437499940395355 0.21562500298023224 0.08749999850988388
1 0.49296900629997253 0.32499998807907104 0.14531299471855164 0.20624999701976776
1 0.4898439943790436 0.34453099966049194 0.1421869993209839 0.1265619993209839
7 0.825780987739563 0.41484400629997253 0.1578119993209839 0.1171879991889
7 0.33281299471855164 0.30546900629997253 0.10625000298023224 0.11093699932098389
7 0.703125 0.6085940003395081 0.11562500149011612 0.1171879991889
8 0.17109400033950806 0.32499998807907104 0.09531199932098389 0.09375
8 0.3828119933605194 0.38203099370002747 0.10000000149011612 0.07656300067901611
8 0.6734380125999451 0.3375000059604645 0.0625 0.10625000298023224
8 0.5953130125999451 0.3499999940395355 0.10625000298023224 0.10312499850988388
8 0.5851560235023499 0.5453119874000549 0.06718699634075165 0.0625
8 0.5953130125999451 0.6007810235023499 0.06562499701976776 0.06718699634075165
8 0.33671900629997253 0.7109379768371582 0.0703120008111 0.10312499850988388
0 0.8289059996604919 0.4906249940395355 0.09843699634075165 0.10000000149011612
0 0.44218799471855164 0.59375 0.08749999850988388 0.09687499701976776
0 0.4156250059604645 0.71875 0.08124999701976776 0.109375
3 0.24062499403953552 0.3046880066394806 0.11562500149011612 0.15937499701976776
3 0.5320309996604919 0.628125011920929 0.09843699634075165 0.17499999701976776
