7 0.5617190003395081 0.27968698740005493 0.1265619993209839 0.109375
7 0.30546900629997253 0.41093799471855164 0.1265619993209839 0.109375
1 0.4625000059604645 0.45234400033950806 0.14374999701976776 0.10468800365924835
1 0.486719012260437 0.5460940003395081 0.18281200528144836 0.1390630006790161
1 0.314844012260437 0.5382810235023499 0.1703130006790161 0.1546880006790161
6 0.4804689884185791 0.606249988079071 0.07656300067901611 0.0625
8 0.8296880125999451 0.6015620231628418 0.05624999850988388 0.06875000149011612
8 0.3554689884185791 0.7359380125999451 0.06718699634075165 0.06562499701976776
8 0.23515599966049194 0.8171870112419128 0.06718699634075165 0.078125
3 0.3023439943790436 0.6710940003395081 0.07656300067901611 0.1546880006790161
9 0.31562501192092896 0.6789060235023499 0.359375 0.08281199634075165
9 0.7570310235023499 0.5578129887580872 0.1734369993209839 0.35624998807907104
