0 0.4083330035209656 0.41388899087905884 0.0805559977889061 0.1129629984498024
0 0.4697920083999634 0.5393519997596741 0.09513899683952332 0.11574099957942963
0 0.5277780294418335 0.721759021282196 0.09027799963951111 0.11388900130987167
0 0.6215280294418335 0.7254629731178284 0.09444399923086166 0.125
0 0.8062499761581421 0.6495370268821716 0.09166699647903442 0.14166699349880219
1 0.5625 0.3773150146007538 0.08749999850988388 0.25277799367904663
1 0.6659719944000244 0.2967590093612671 0.14861099421977997 0.21203699707984924
1 0.8055559992790222 0.46111100912094116 0.07777799665927887 0.23148100078105927
1 0.6597219705581665 0.5879629850387573 0.15416699647903442 0.22036999464035034
1 0.3881939947605133 0.6115739941596985 0.11249999701976776 0.23240700364112854
