9 0.536719024181366 0.1914059966802597 0.10781300067901611 0.17656299471855164
9 0.48906299471855164 0.38203099370002747 0.3062500059604645 0.19843700528144836
8 0.23125000298023224 0.2929689884185791 0.0625 0.06718699634075165
8 0.4140619933605194 0.41484400629997253 0.09062500298023224 0.06406199932098389
8 0.43281200528144836 0.7562500238418579 0.08437500149011612 0.08124999701976776
8 0.2578119933605194 0.6203129887580872 0.08437500149011612 0.07187499850988388
0 0.296875 0.503125011920929 0.07500000298023224 0.06875000149011612
0 0.5710939764976501 0.674219012260437 0.0703120008111 0.08281199634075165
7 0.4570310115814209 0.611719012260437 0.1171879991889 0.1328119933605194
7 0.3218750059604645 0.581250011920929 0.11874999850988388 0.12187500298023224
3 0.36796900629997253 0.653124988079071 0.1421869993209839 0.11249999701976776
1 0.4765619933605194 0.5218750238418579 0.08437500149011612 0.08749999850988388
1 0.611719012260437 0.5382810235023499 0.07968699932098389 0.18281200528144836
