9 0.390625 0.453125 0.2906250059604645 0.15000000596046448
9 0.3632810115814209 0.5867189764976501 0.29531198740005493 0.13593700528144836
1 0.6757810115814209 0.2203119993209839 0.07968699932098389 0.08437500149011612
0 0.684374988079071 0.621874988079071 0.06875000149011612 0.05937499925494194
0 0.40937501192092896 0.6953120231628418 0.05624999850988388 0.07187499850988388
3 0.5390620231628418 0.7960940003395081 0.078125 0.12968799471855164
3 0.37656301259994507 0.45625001192092896 0.10625000298023224 0.12187500298023224
3 0.4585939943790436 0.234375 0.12343800067901611 0.10625000298023224
7 0.5039060115814209 0.31093698740005493 0.10781300067901611 0.09375
7 0.46953099966049194 0.24531200528144836 0.09531199932098389 0.11562500149011612
7 0.45390599966049194 0.37812501192092896 0.10781300067901611 0.10312499850988388
