7 0.5703120231628418 0.5562499761581421 0.09375 0.09687499701976776
7 0.4765619933605194 0.45468801259994507 0.10312499850988388 0.10000000149011612
8 0.4648439884185791 0.4570310115814209 0.06093699857592583 0.06718699634075165
8 0.635155975818634 0.37968799471855164 0.08906300365924835 0.05624999850988388
8 0.510155975818634 0.23359400033950806 0.08906300365924835 0.09531199932098389
8 0.325780987739563 0.38749998807907104 0.09218800067901611 0.06875000149011612
8 0.39765599370002747 0.528124988079071 0.04531199857592583 0.09687499701976776
8 0.3867189884185791 0.7539060115814209 0.0703120008111 0.09218800067901611
8 0.619530975818634 0.4921880066394806 0.057812999933958054 0.05000000074505806
1 0.5328130125999451 0.39375001192092896 0.10625000298023224 0.125
1 0.635155975818634 0.43828099966049194 0.1859380006790161 0.0859379991889
3 0.30000001192092896 0.5140619874000549 0.140625 0.07500000298023224
9 0.31953099370002747 0.44999998807907104 0.3203119933605194 0.17499999701976776
9 0.4882810115814209 0.6570309996604919 0.11093699932098389 0.3359380066394806
