6 0.30781200528144836 0.263280987739563 0.07500000298023224 0.08281199634075165
8 0.6632810235023499 0.26875001192092896 0.09218800067901611 0.09375
8 0.26093700528144836 0.635155975818634 0.07500000298023224 0.09843699634075165
8 0.48359400033950806 0.6812499761581421 0.057812999933958054 0.07500000298023224
0 0.18281200528144836 0.44609400629997253 0.09375 0.0859379991889
0 0.4312500059604645 0.32109400629997253 0.08749999850988388 0.1015620008111
1 0.8734369874000549 0.46718698740005493 0.15625 0.12812499701976776
1 0.32968801259994507 0.44218799471855164 0.16562500596046448 0.16875000298023224
9 0.559374988079071 0.505469024181366 0.15312500298023224 0.37343698740005493
3 0.42343801259994507 0.590624988079071 0.13124999403953552 0.15000000596046448
