8 0.39218801259994507 0.12812499701976776 0.05312500149011612 0.05937499925494194
8 0.6343749761581421 0.46015599370002747 0.05312500149011612 0.057812999933958054
8 0.4921880066394806 0.75 0.05624999850988388 0.07500000298023224
8 0.45625001192092896 0.828125 0.08749999850988388 0.06875000149011612
8 0.33125001192092896 0.810155987739563 0.05000000074505806 0.09218800067901611
8 0.2578119933605194 0.46406200528144836 0.06875000149011612 0.06875000149011612
7 0.3492189943790436 0.314844012260437 0.07968699932098389 0.0859379991889
7 0.703125 0.419530987739563 0.109375 0.09843699634075165
7 0.5703120231628418 0.3656249940395355 0.08749999850988388 0.109375
7 0.455469012260437 0.4007810056209564 0.1015620008111 0.08906300365924835
6 0.46718698740005493 0.265625 0.04374999925494194 0.05000000074505806
6 0.6859369874000549 0.37031200528144836 0.05000000074505806 0.04062499850988388
0 0.7671880125999451 0.375 0.0625 0.07500000298023224
0 0.37421900033950806 0.6398440003395081 0.07343800365924835 0.0703120008111
0 0.46171900629997253 0.3515619933605194 0.04843800142407417 0.06562499701976776
3 0.800000011920929 0.34218698740005493 0.08124999701976776 0.13750000298023224
3 0.27812498807907104 0.5898439884185791 0.0625 0.1265619993209839
3 0.3179689943790436 0.744530975818634 0.12343800067901611 0.07968699932098389
1 0.19453099370002747 0.603905975818634 0.12343800067901611 0.0703120008111
1 0.2710939943790436 0.43046900629997253 0.11093699932098389 0.07968699932098389
1 0.5148440003395081 0.33906200528144836 0.051562000066041946 0.17499999701976776
1 0.3499999940395355 0.6992189884185791 0.16875000298023224 0.054687999188899994
9 0.728905975818634 0.684374988079071 0.30781200528144836 0.0625
9 0.361719012260437 0.466405987739563 0.11406199634075165 0.29531198740005493
