8 0.5890629887580872 0.4101560115814209 0.04062499850988388 0.08906300365924835
8 0.5078120231628418 0.35859400033950806 0.06875000149011612 0.054687999188899994
8 0.6632810235023499 0.3984380066394806 0.04843800142407417 0.08437500149011612
8 0.7421879768371582 0.38906198740005493 0.07500000298023224 0.09062500298023224
8 0.6328120231628418 0.583594024181366 0.0625 0.06718699634075165
8 0.46562498807907104 0.6257809996604919 0.0625 0.057812999933958054
8 0.6726559996604919 0.4609380066394806 0.07656300067901611 0.04062499850988388
7 0.71875 0.2929689884185791 0.11874999850988388 0.1171879991889
7 0.392969012260437 0.5796880125999451 0.09218800067901611 0.09375
1 0.599219024181366 0.3125 0.09531199932098389 0.13437500596046448
1 0.682030975818634 0.5945309996604919 0.07343800365924835 0.15156200528144836
9 0.8039060235023499 0.611719012260437 0.1734369993209839 0.1328119933605194
9 0.44062501192092896 0.39140599966049194 0.22187499701976776 0.29531198740005493
6 0.5773440003395081 0.48906299471855164 0.04531199857592583 0.06562499701976776
3 0.6734380125999451 0.48593801259994507 0.13750000298023224 0.08124999701976776
