7 0.5070310235023499 0.2734380066394806 0.09531199932098389 0.09062500298023224
7 0.6289060115814209 0.533594012260437 0.08906300365924835 0.11406199634075165
1 0.29218700528144836 0.28984400629997253 0.07187499850988388 0.07656300067901611
1 0.41718700528144836 0.31953099370002747 0.11562500149011612 0.09531199932098389
9 0.44999998807907104 0.4117189943790436 0.078125 0.07656300067901611
9 0.40546900033950806 0.549219012260437 0.2734380066394806 0.2109380066394806
3 0.564844012260437 0.5718749761581421 0.1265619993209839 0.09687499701976776
3 0.35234400629997253 0.4789060056209564 0.13593700528144836 0.057812999933958054
3 0.5703120231628418 0.746874988079071 0.125 0.11249999701976776
0 0.4375 0.6546869874000549 0.0625 0.078125
0 0.543749988079071 0.716405987739563 0.0625 0.04843800142407417
