3 0.724219024181366 0.3343749940395355 0.07968699932098389 0.13750000298023224
6 0.5429689884185791 0.46015599370002747 0.057812999933958054 0.06718699634075165
7 0.37578099966049194 0.5539060235023499 0.09843699634075165 0.09218800067901611
7 0.638280987739563 0.267969012260437 0.10468800365924835 0.1171879991889
1 0.5476559996604919 0.29609400033950806 0.1015620008111 0.1328119933605194
1 0.6656249761581421 0.550000011920929 0.09062500298023224 0.18437500298023224
8 0.6164060235023499 0.5554689764976501 0.057812999933958054 0.06718699634075165
8 0.453125 0.6000000238418579 0.0625 0.0625
8 0.5148440003395081 0.3828119933605194 0.07656300067901611 0.04374999925494194
8 0.5843750238418579 0.38906198740005493 0.078125 0.08124999701976776
8 0.6523439884185791 0.4179689884185791 0.07343800365924835 0.057812999933958054
8 0.635155975818634 0.35078099370002747 0.07968699932098389 0.08281199634075165
8 0.48750001192092896 0.32656198740005493 0.06875000149011612 0.05312500149011612
9 0.42109400033950806 0.36406299471855164 0.22343799471855164 0.30000001192092896
9 0.7796869874000549 0.5859379768371582 0.16562500596046448 0.125
