5 0.30250000953674316 0.15389400720596313 0.20833300054073334 0.11180900037288666
5 0.9287499785423279 0.1419599950313568 0.14249999821186066 0.26381900906562805
1 0.8224999904632568 0.22361800074577332 0.1033329963684082 0.22361800074577332
1 0.39583298563957214 0.21419599652290344 0.1933329999446869 0.1796479970216751
1 0.48750001192092896 0.47613099217414856 0.18333299458026886 0.19849200546741486
1 0.6949999928474426 0.625 0.14333300292491913 0.14447200298309326
4 0.667917013168335 0.24937200546264648 0.0925000011920929 0.13442200422286987
4 0.39625000953674316 0.44221100211143494 0.0925000011920929 0.14572900533676147
4 0.4279170036315918 0.9836680293083191 0.07249999791383743 0.032662998884916306
3 0.48249998688697815 0.2864319980144501 0.11500000208616257 0.18341700732707977
3 0.5095829963684082 0.8228639960289001 0.11749999970197678 0.10050299763679504
1 0.6466670036315918 0.17462299764156342 0.09166699647903442 0.09547699987888336
3 0.43833300471305847 0.5873119831085205 0.13500000536441803 0.1469849944114685
3 0.7470830082893372 0.7964820265769958 0.07583300024271011 0.2060299962759018
2 0.536666989326477 0.5998740196228027 0.15666699409484863 0.22487400472164154
2 0.786666989326477 0.6400750279426575 0.10000000149011612 0.3856779932975769
2 0.9066669940948486 0.8643220067024231 0.06166699901223183 0.2663320004940033
2 0.5470830202102661 0.7393220067024231 0.21583299338817596 0.17211100459098816
1 0.3545829951763153 0.9440950155258179 0.10249999910593033 0.08919599652290344
0 0.2970829904079437 0.9905779957771301 0.05249999836087227 0.018843999132514
0 0.39500001072883606 0.6896979808807373 0.06166699901223183 0.0979899987578392
2 0.43208301067352295 0.8285179734230042 0.05249999836087227 0.26256299018859863
2 0.6845830082893372 0.8800250291824341 0.060832999646663666 0.2399500012397766
