1 0.5140619874000549 0.503125011920929 0.109375 0.09375
3 0.721094012260437 0.38906198740005493 0.12343800067901611 0.05312500149011612
3 0.48593801259994507 0.3031249940395355 0.04062499850988388 0.12187500298023224
7 0.4593749940395355 0.31328099966049194 0.08124999701976776 0.11093699932098389
7 0.3968749940395355 0.39531299471855164 0.09375 0.08749999850988388
7 0.24921900033950806 0.5046870112419128 0.10468800365924835 0.09687499701976776
9 0.5460940003395081 0.6921870112419128 0.1578119993209839 0.2593750059604645
8 0.36250001192092896 0.5789059996604919 0.046875 0.051562000066041946
0 0.32499998807907104 0.6085940003395081 0.06875000149011612 0.0703120008111
0 0.36250001192092896 0.650780975818634 0.06875000149011612 0.0703120008111
