9 0.5867189764976501 0.34218698740005493 0.09531199932098389 0.3812499940395355
9 0.31406301259994507 0.33671900629997253 0.375 0.14531299471855164
1 0.388280987739563 0.19609400629997253 0.1484380066394806 0.18281200528144836
1 0.560155987739563 0.5898439884185791 0.1890619993209839 0.1421869993209839
1 0.4804689884185791 0.3828119933605194 0.13593700528144836 0.109375
8 0.4164060056209564 0.8187500238418579 0.06718699634075165 0.07500000298023224
8 0.7117189764976501 0.6601560115814209 0.07343800365924835 0.0703120008111
8 0.39218801259994507 0.5695310235023499 0.05937499925494194 0.07343800365924835
3 0.36250001192092896 0.4781250059604645 0.171875 0.12187500298023224
7 0.7539060115814209 0.41328099370002747 0.1421869993209839 0.11406199634075165
7 0.552344024181366 0.6710940003395081 0.10468800365924835 0.11406199634075165
6 0.43281200528144836 0.5929690003395081 0.05937499925494194 0.07968699932098389
