0 0.40546900033950806 0.2465279996395111 0.04427099972963333 0.051389001309871674
0 0.7960940003395081 0.6034719944000244 0.04322899878025055 0.06388899683952332
6 0.6177080273628235 0.16631899774074554 0.32291701436042786 0.09236100316047668
6 0.3671880066394806 0.3729169964790344 0.09375 0.14444400370121002
6 0.6580730080604553 0.3545140027999878 0.12968799471855164 0.05347200110554695
6 0.25156301259994507 0.35659700632095337 0.17395800352096558 0.38263899087905884
1 0.6395829916000366 0.5642359852790833 0.0697920024394989 0.17013899981975555
1 0.5138019919395447 0.3451389968395233 0.04010400176048279 0.06944400072097778
1 0.32838499546051025 0.6055560111999512 0.09843699634075165 0.17083300650119781
1 0.5424479842185974 0.7260419726371765 0.039062000811100006 0.057638999074697495
1 0.513280987739563 0.5333330035209656 0.06093699857592583 0.08888900279998779
1 0.46171900629997253 0.7597219944000244 0.04322899878025055 0.09305600076913834
