5 0.35291698575019836 0.20477400720119476 0.1141669973731041 0.3090449869632721
5 0.6937500238418579 0.33354300260543823 0.07916700094938278 0.3052760064601898
3 0.5062500238418579 0.2060299962759018 0.11749999970197678 0.14321599900722504
3 0.5537499785423279 0.7751259803771973 0.12250000238418579 0.14070400595664978
4 0.27833300828933716 0.23052799701690674 0.0949999988079071 0.1469849944114685
4 0.612500011920929 0.45917099714279175 0.07166700065135956 0.10678400099277496
4 0.34541699290275574 0.6042709946632385 0.07750000059604645 0.1030149981379509
4 0.9308329820632935 0.587939977645874 0.09166699647903442 0.14572900533676147
0 0.600832998752594 0.6149500012397766 0.06166699901223183 0.10175900161266327
0 0.6399999856948853 0.3636929988861084 0.05999999865889549 0.08919599652290344
2 0.8212500214576721 0.3643220067024231 0.18916699290275574 0.14572900533676147
2 0.612500011920929 0.5345479846000671 0.2583329975605011 0.12185899913311005
2 0.42875000834465027 0.7242460250854492 0.18583300709724426 0.15954799950122833
2 0.7825000286102295 0.7719849944114685 0.17166699469089508 0.2776379883289337
3 0.731249988079071 0.7801510095596313 0.10916700214147568 0.19849200546741486
3 0.524167001247406 0.39447200298309326 0.14000000059604645 0.08291500061750412
2 0.413332998752594 0.809673011302948 0.1466670036315918 0.17713600397109985
2 0.7645829916000366 0.14447200298309326 0.17749999463558197 0.08040200173854828
1 0.47999998927116394 0.45414599776268005 0.19666700065135956 0.13190999627113342
1 0.8691669702529907 0.4654519855976105 0.1033329963684082 0.30778899788856506
1 0.47999998927116394 0.601131021976471 0.1466670036315918 0.1520099937915802
1 0.42958301305770874 0.27952298521995544 0.13916699588298798 0.16959799826145172
1 0.31333300471305847 0.7349249720573425 0.09166699647903442 0.08291500061750412
1 0.274167001247406 0.7587940096855164 0.09333299845457077 0.09296499937772751
