3 0.4570310115814209 0.642969012260437 0.1421869993209839 0.09218800067901611
8 0.49843698740005493 0.1875 0.0625 0.06562499701976776
8 0.6921870112419128 0.2070309966802597 0.078125 0.07968699932098389
8 0.39218801259994507 0.22499999403953552 0.10000000149011612 0.05312500149011612
8 0.752344012260437 0.3070310056209564 0.0703120008111 0.051562000066041946
8 0.658594012260437 0.38984400033950806 0.09218800067901611 0.051562000066041946
8 0.43671900033950806 0.5874999761581421 0.051562000066041946 0.05312500149011612
8 0.4960939884185791 0.6601560115814209 0.08281199634075165 0.07968699932098389
7 0.611719012260437 0.31562501192092896 0.12968799471855164 0.11249999701976776
7 0.48593801259994507 0.43906301259994507 0.12812499701976776 0.11249999701976776
1 0.44218799471855164 0.3812499940395355 0.13750000298023224 0.10312499850988388
1 0.646094024181366 0.4414060115814209 0.1890619993209839 0.07968699932098389
9 0.5695310235023499 0.6781250238418579 0.12031300365924835 0.3687500059604645
9 0.3007810115814209 0.35234400629997253 0.3359380066394806 0.2109380066394806
