0 0.3945310115814209 0.10520800203084946 0.09322900325059891 0.11736100167036057
0 0.22135399281978607 0.11354199796915054 0.05208300054073334 0.06736099720001221
0 0.47187501192092896 0.34375 0.12395799905061722 0.15833300352096558
0 0.6679689884185791 0.2645829916000366 0.12343800067901611 0.16249999403953552
0 0.30494800209999084 0.6878470182418823 0.04947900027036667 0.07013899832963943
0 0.5789059996604919 0.8739579916000366 0.09947899729013443 0.13541699945926666
6 0.7458329796791077 0.08298599720001221 0.4864580035209656 0.13263900578022003
6 0.9335939884185791 0.5805559754371643 0.1015620008111 0.19444400072097778
6 0.20833300054073334 0.6180559992790222 0.06666699796915054 0.6805559992790222
6 0.44270798563957214 0.8638889789581299 0.0864579975605011 0.19861100614070892
6 0.8601559996604919 0.32013899087905884 0.11822900176048279 0.1875
6 0.6315100193023682 0.6468750238418579 0.36302098631858826 0.12708300352096558
6 0.34505200386047363 0.5888890027999878 0.11510399729013443 0.4930559992790222
6 0.14713500440120697 0.48368099331855774 0.07239600270986557 0.22430600225925446
