9 0.40312498807907104 0.4648439884185791 0.26249998807907104 0.1796880066394806
9 0.5898439884185791 0.4437499940395355 0.08906300365924835 0.07187499850988388
7 0.42109400033950806 0.37968799471855164 0.1015620008111 0.08749999850988388
7 0.7328119874000549 0.544530987739563 0.08437500149011612 0.07968699932098389
6 0.482030987739563 0.450780987739563 0.04531199857592583 0.057812999933958054
1 0.5507810115814209 0.6085940003395081 0.08281199634075165 0.1640619933605194
1 0.621874988079071 0.33515599370002747 0.06562499701976776 0.06718699634075165
1 0.49687498807907104 0.41328099370002747 0.09062500298023224 0.07968699932098389
8 0.19296899437904358 0.3648439943790436 0.06718699634075165 0.07343800365924835
8 0.3218750059604645 0.5507810115814209 0.05624999850988388 0.07968699932098389
8 0.3843750059604645 0.5718749761581421 0.04062499850988388 0.05000000074505806
8 0.4117189943790436 0.6171879768371582 0.051562000066041946 0.05312500149011612
8 0.4429689943790436 0.4375 0.042187999933958054 0.05000000074505806
3 0.771094024181366 0.424219012260437 0.1328119933605194 0.1015620008111
0 0.661719024181366 0.588280975818634 0.06718699634075165 0.06406199932098389
