6 0.294530987739563 0.28680598735809326 0.06927099823951721 0.4208329916000366
6 0.6914060115814209 0.5333330035209656 0.36927101016044617 0.09027799963951111
6 0.44713500142097473 0.7364580035209656 0.035937000066041946 0.15902799367904663
6 0.6046879887580872 0.16145800054073334 0.10416699945926666 0.18680599331855774
6 0.2729170024394989 0.5788189768791199 0.23854200541973114 0.6131939888000488
0 0.41822901368141174 0.21770800650119781 0.08854199945926666 0.12569400668144226
0 0.3817709982395172 0.40798598527908325 0.125 0.16041700541973114
0 0.5752599835395813 0.33993101119995117 0.11614599823951721 0.16319400072097778
0 0.771094024181366 0.3295139968395233 0.08489599823951721 0.12291699647903442
0 0.49479201436042786 0.2874999940395355 0.03229200094938278 0.05277799814939499
0 0.6179689764976501 0.6770830154418945 0.04427099972963333 0.0625
0 0.23671899735927582 0.59375 0.051562000066041946 0.06805600225925446
1 0.36015599966049194 0.515625 0.07343800365924835 0.04652800038456917
1 0.3393230140209198 0.5850690007209778 0.03802099823951721 0.1020829975605011
1 0.47864601016044617 0.22777800261974335 0.03541700169444084 0.06666699796915054
1 0.5585939884185791 0.6784719824790955 0.08281199634075165 0.16527800261974335
1 0.4414060115814209 0.6499999761581421 0.042187999933958054 0.04583299905061722
6 0.7049480080604553 0.3218750059604645 0.06406199932098389 0.22291700541973114
