3 0.5578129887580872 0.18437500298023224 0.06875000149011612 0.15000000596046448
3 0.294530987739563 0.4023439884185791 0.1390630006790161 0.0703120008111
8 0.439844012260437 0.23203100264072418 0.054687999188899994 0.07656300067901611
8 0.34296900033950806 0.27421900629997253 0.06718699634075165 0.054687999188899994
8 0.5382810235023499 0.299219012260437 0.09843699634075165 0.0859379991889
8 0.5 0.5859379768371582 0.02812499925494194 0.01875000074505806
8 0.4882810115814209 0.6992189884185791 0.051562000066041946 0.06406199932098389
1 0.5203120112419128 0.7265620231628418 0.10000000149011612 0.14687499403953552
1 0.41718700528144836 0.31093698740005493 0.17499999701976776 0.109375
0 0.18984399735927582 0.34687501192092896 0.07343800365924835 0.07187499850988388
0 0.5640630125999451 0.47578099370002747 0.06875000149011612 0.057812999933958054
7 0.455469012260437 0.439844012260437 0.10468800365924835 0.11406199634075165
7 0.2718749940395355 0.4023439884185791 0.10312499850988388 0.1265619993209839
9 0.46562498807907104 0.5539060235023499 0.34375 0.1328119933605194
9 0.578125 0.39218801259994507 0.109375 0.109375
