1 0.25541698932647705 0.18341700732707977 0.19249999523162842 0.1633169949054718
1 0.41999998688697815 0.4930900037288666 0.11500000208616257 0.2223619967699051
1 0.5699999928474426 0.4849250018596649 0.11999999731779099 0.22613100707530975
1 0.6579170227050781 0.6752510070800781 0.0925000011920929 0.28517600893974304
4 0.23624999821186066 0.26319101452827454 0.09749999642372131 0.13442200422286987
4 0.7641670107841492 0.5935930013656616 0.09833300113677979 0.14447200298309326
4 0.5183330178260803 0.6827890276908875 0.07000000029802322 0.10929600149393082
4 0.30083298683166504 0.6909549832344055 0.07666700333356857 0.10803999751806259
2 0.42375001311302185 0.3316580057144165 0.0841670036315918 0.39447200298309326
2 0.46958300471305847 0.1356779932975769 0.07750000059604645 0.26884400844573975
2 0.644582986831665 0.20979900658130646 0.21416699886322021 0.21607999503612518
2 0.46708300709724426 0.6815329790115356 0.09416700154542923 0.30778899788856506
3 0.5824999809265137 0.6884419918060303 0.05666700005531311 0.18090499937534332
3 0.6666669845581055 0.2732410132884979 0.12833300232887268 0.1469849944114685
3 0.4987500011920929 0.2876879870891571 0.10916700214147568 0.2060299962759018
3 0.3712500035762787 0.2870599925518036 0.057500001043081284 0.20979900658130646
1 0.667917013168335 0.9057790040969849 0.09583300352096558 0.09296499937772751
1 0.7066670060157776 0.6608039736747742 0.05000000074505806 0.14070400595664978
5 0.3391669988632202 0.6212310194969177 0.20499999821186066 0.13442200422286987
5 0.3187499940395355 0.8618090152740479 0.09083300083875656 0.2763819992542267
2 0.6120830178260803 0.37311598658561707 0.16249999403953552 0.16080400347709656
2 0.7574999928474426 0.40452298521995544 0.17166699469089508 0.11055299639701843
0 0.7837499976158142 0.12311600148677826 0.060832999646663666 0.0979899987578392
0 0.5104169845581055 0.14761300384998322 0.05916700139641762 0.10427100211381912
