0 0.2645829916000366 0.3607639968395233 0.12916700541973114 0.15347200632095337
0 0.6835939884185791 0.26527801156044006 0.042187999933958054 0.061110999435186386
0 0.7609379887580872 0.21111099421977997 0.05624999850988388 0.07916700094938278
0 0.47473999857902527 0.6156250238418579 0.03802099823951721 0.04791700094938278
0 0.28984400629997253 0.9090279936790466 0.09531199932098389 0.11527799814939499
1 0.48411500453948975 0.14374999701976776 0.08072900027036667 0.17083300650119781
1 0.4458329975605011 0.8263890147209167 0.11562500149011612 0.1430560052394867
6 0.715624988079071 0.3159720003604889 0.15937499701976776 0.07222200185060501
6 0.1703130006790161 0.6892359852790833 0.06562499701976776 0.22152799367904663
6 0.2276040017604828 0.4756940007209778 0.14687499403953552 0.13750000298023224
6 0.3270829916000366 0.25381898880004883 0.11145800352096558 0.18125000596046448
6 0.6078119874000549 0.5847219824790955 0.4458329975605011 0.35138899087905884
1 0.36354199051856995 0.6315969824790955 0.0385419987142086 0.04791700094938278
1 0.39583298563957214 0.1694439947605133 0.0541669987142086 0.09583300352096558
6 0.5791670083999634 0.5159720182418823 0.11145800352096558 0.11111100018024445
6 0.512499988079071 0.32986098527908325 0.2677080035209656 0.3930560052394867
6 0.5169270038604736 0.7194439768791199 0.30052098631858826 0.20000000298023224
