0 0.43828099966049194 0.410647988319397 0.06510400027036667 0.11018499732017517
0 0.43229201436042786 0.5625 0.0625 0.11574099957942963
0 0.7692710161209106 0.7662039995193481 0.06145799905061722 0.11759299784898758
0 0.8864579796791077 0.742592990398407 0.06875000149011612 0.05925900116562843
0 0.8505210280418396 0.4930559992790222 0.04895799979567528 0.11018499732017517
0 0.9416670203208923 0.32036998867988586 0.04374999925494194 0.12592600286006927
0 0.8945310115814209 0.16018499433994293 0.05677099898457527 0.1129629984498024
0 0.8544269800186157 0.21666699647903442 0.05260400101542473 0.10740700364112854
0 0.8380209803581238 0.05787000060081482 0.05624999850988388 0.11203700304031372
0 0.728905975818634 0.49444401264190674 0.06197899952530861 0.12037000060081482
0 0.793749988079071 0.3495369851589203 0.06875000149011612 0.10648100078105927
0 0.7947919964790344 0.24351899325847626 0.06041700020432472 0.07963000237941742
0 0.606249988079071 0.6435189843177795 0.03125 0.12777799367904663
0 0.578125 0.3462960124015808 0.029167000204324722 0.08518499881029129
0 0.6242190003395081 0.09953700006008148 0.06927099823951721 0.08425900340080261
1 0.5809900164604187 0.6467589735984802 0.1338540017604828 0.1009259968996048
1 0.8729169964790344 0.6273149847984314 0.05937499925494194 0.17129600048065186
1 0.7361980080604553 0.3268519937992096 0.06406199932098389 0.2296299934387207
