6 0.4140619933605194 0.4916670024394989 0.2989580035209656 0.5805559754371643
6 0.4585939943790436 0.22465300559997559 0.08802100270986557 0.19791699945926666
0 0.1528649926185608 0.690625011920929 0.1265619993209839 0.15069399774074554
0 0.34739598631858826 0.8993059992790222 0.09583300352096558 0.11805599927902222
0 0.628125011920929 0.796875 0.12604199349880219 0.16041700541973114
0 0.6937500238418579 0.5319439768791199 0.09062500298023224 0.11111100018024445
0 0.48802098631858826 0.550000011920929 0.046875 0.06666699796915054
0 0.6020830273628235 0.20416699349880219 0.03333299979567528 0.05277799814939499
0 0.2885420024394989 0.45277801156044006 0.04895799979567528 0.0708329975605011
1 0.39140599966049194 0.19895799458026886 0.04843800142407417 0.06041700020432472
1 0.5479170083999634 0.5239580273628235 0.04583299905061722 0.06319399923086166
1 0.16432300209999084 0.46493101119995117 0.1338540017604828 0.11597199738025665
1 0.6242190003395081 0.4232639968395233 0.07135400176048279 0.07430599629878998
1 0.8364580273628235 0.42604199051856995 0.04062499850988388 0.11736100167036057
6 0.7161459922790527 0.6142359972000122 0.3729169964790344 0.08958300203084946
6 0.635155975818634 0.3260419964790344 0.29322901368141174 0.21736100316047668
6 0.34791699051856995 0.7204859852790833 0.1322920024394989 0.05902799963951111
