6 0.234375 0.2718749940395355 0.07500000298023224 0.05312500149011612
3 0.29374998807907104 0.330469012260437 0.13750000298023224 0.09843699634075165
8 0.46015599370002747 0.27812498807907104 0.06406199932098389 0.05624999850988388
8 0.6601560115814209 0.3476560115814209 0.06093699857592583 0.054687999188899994
8 0.38984400033950806 0.453125 0.057812999933958054 0.08749999850988388
8 0.46562498807907104 0.46562498807907104 0.06562499701976776 0.07500000298023224
8 0.5171880125999451 0.5390620231628418 0.08437500149011612 0.09062500298023224
8 0.6679689884185791 0.5507810115814209 0.09218800067901611 0.06406199932098389
8 0.21328100562095642 0.49843698740005493 0.06406199932098389 0.0625
1 0.13359400629997253 0.6945310235023499 0.0703120008111 0.1859380006790161
1 0.30156299471855164 0.4921880066394806 0.08749999850988388 0.09062500298023224
7 0.36640599370002747 0.674219012260437 0.09531199932098389 0.1015620008111
7 0.4648439884185791 0.5921869874000549 0.09531199932098389 0.09375
9 0.5953130125999451 0.38359400629997253 0.3187499940395355 0.16093799471855164
