8 0.6171879768371582 0.21875 0.11562500149011612 0.125
8 0.32968801259994507 0.39765599370002747 0.12812499701976776 0.0703120008111
8 0.25078099966049194 0.5617190003395081 0.08906300365924835 0.09843699634075165
8 0.5578129887580872 0.6789060235023499 0.11874999850988388 0.04531199857592583
8 0.669530987739563 0.5476559996604919 0.1015620008111 0.11093699932098389
6 0.4492189884185791 0.5507810115814209 0.07968699932098389 0.09218800067901611
6 0.35781198740005493 0.669530987739563 0.09062500298023224 0.07968699932098389
3 0.5007809996604919 0.42656299471855164 0.18281200528144836 0.11249999701976776
9 0.5218750238418579 0.5867189764976501 0.34062498807907104 0.37031200528144836
0 0.8843749761581421 0.4960939884185791 0.11874999850988388 0.11406199634075165
0 0.6015620231628418 0.622655987739563 0.08749999850988388 0.09218800067901611
7 0.7851560115814209 0.5078120231628418 0.1421869993209839 0.15937499701976776
