5 0.3158330023288727 0.43278899788856506 0.21666699647903442 0.09422100335359573
5 0.6291670203208923 0.11243700236082077 0.09000000357627869 0.2123119980096817
1 0.38166698813438416 0.11683399975299835 0.15166699886322021 0.15577900409698486
1 0.4050000011920929 0.352387011051178 0.19666700065135956 0.16457299888134003
1 0.6324999928474426 0.34610599279403687 0.1983329951763153 0.13693499565124512
1 0.6283329725265503 0.6821609735488892 0.12833300232887268 0.19849200546741486
1 0.7716670036315918 0.13693499565124512 0.09333299845457077 0.1030149981379509
1 0.2849999964237213 0.6457290053367615 0.0949999988079071 0.08040200173854828
4 0.5895829796791077 0.20917099714279175 0.07416699826717377 0.11683399975299835
4 0.6866670250892639 0.4145730137825012 0.09833300113677979 0.14321599900722504
4 0.5074999928474426 0.4623120129108429 0.07166700065135956 0.1030149981379509
4 0.5625 0.5816580057144165 0.09666699916124344 0.14321599900722504
0 0.2549999952316284 0.5816580057144165 0.06499999761581421 0.09045200049877167
0 0.23208299279212952 0.7160800099372864 0.06583300232887268 0.09045200049877167
2 0.5629169940948486 0.46482399106025696 0.26416701078414917 0.08040200173854828
2 0.8954169750213623 0.8800250291824341 0.06750000268220901 0.23492500185966492
2 0.692916989326477 0.662060022354126 0.1791670024394989 0.18844200670719147
2 0.7604169845581055 0.7160800099372864 0.17583300173282623 0.19346700608730316
3 0.43333300948143005 0.5050250291824341 0.13666699826717377 0.09547699987888336
3 0.7074999809265137 0.8404520153999329 0.12833300232887268 0.14824099838733673
3 0.45041701197624207 0.5935930013656616 0.11916700005531311 0.1143219992518425
3 0.6675000190734863 0.5628139972686768 0.11833299696445465 0.1633169949054718
2 0.7854170203208923 0.8517590165138245 0.049166999757289886 0.271356999874115
2 0.6770830154418945 0.7386929988861084 0.1574999988079071 0.15829099714756012
