6 0.6661459803581238 0.08506900072097778 0.12187500298023224 0.06875000149011612
6 0.6317710280418396 0.22569400072097778 0.2802079916000366 0.22083300352096558
6 0.8138020038604736 0.7173609733581543 0.11510399729013443 0.48611098527908325
6 0.515625 0.7819439768791199 0.12708300352096558 0.07500000298023224
6 0.28828099370002747 0.6166669726371765 0.25572898983955383 0.28888899087905884
6 0.283594012260437 0.3017359972000122 0.33906200528144836 0.2798610031604767
6 0.2388020008802414 0.25451400876045227 0.4369789958000183 0.40902799367904663
6 0.7432289719581604 0.4350689947605133 0.15416699647903442 0.1020829975605011
6 0.5929690003395081 0.5670139789581299 0.1723960041999817 0.06875000149011612
6 0.28281301259994507 0.7548609972000122 0.42708298563957214 0.41666701436042786
0 0.45833298563957214 0.40937501192092896 0.03645800054073334 0.05902799963951111
0 0.6580730080604553 0.7732639908790588 0.03697900101542473 0.057638999074697495
1 0.7557290196418762 0.24201400578022003 0.1177079975605011 0.13263900578022003
1 0.1846349984407425 0.565625011920929 0.13489599525928497 0.09513899683952332
6 0.49427101016044617 0.2944439947605133 0.10000000149011612 0.20694400370121002
6 0.5674480199813843 0.39861100912094116 0.06510400027036667 0.22499999403953552
