6 0.18098999559879303 0.5086809992790222 0.3359380066394806 0.5284720063209534
6 0.4083330035209656 0.390625 0.08958300203084946 0.18819400668144226
6 0.6877599954605103 0.4975689947605133 0.10572899878025055 0.6534720063209534
6 0.6625000238418579 0.7854170203208923 0.1322920024394989 0.1333329975605011
0 0.33776000142097473 0.33368098735809326 0.03385400027036667 0.04791700094938278
0 0.7864580154418945 0.8427079916000366 0.03333299979567528 0.045138999819755554
1 0.7317709922790527 0.33194398880004883 0.09687499701976776 0.1513890027999878
1 0.5528650283813477 0.7364580035209656 0.06510400027036667 0.15902799367904663
6 0.778124988079071 0.6940969824790955 0.11145800352096558 0.17986099421977997
6 0.26406198740005493 0.6204860210418701 0.05104200169444084 0.21319399774074554
6 0.5328130125999451 0.30937498807907104 0.2750000059604645 0.23541699349880219
6 0.43906301259994507 0.512499988079071 0.359375 0.17083300650119781
6 0.48359400033950806 0.5347219705581665 0.30156299471855164 0.08749999850988388
6 0.5062500238418579 0.6225690245628357 0.36458298563957214 0.12569400668144226
6 0.5973960161209106 0.7913190126419067 0.07500000298023224 0.12569400668144226
6 0.31171900033950806 0.38020798563957214 0.035937000066041946 0.14097200334072113
