9 0.41718700528144836 0.47734400629997253 0.20000000298023224 0.3046880066394806
9 0.484375 0.6765620112419128 0.16249999403953552 0.31562501192092896
1 0.6171879768371582 0.375 0.12812499701976776 0.08749999850988388
1 0.4570310115814209 0.4632810056209564 0.1484380066394806 0.1171879991889
7 0.5265629887580872 0.2046869993209839 0.09062500298023224 0.11562500149011612
7 0.625 0.512499988079071 0.11249999701976776 0.11249999701976776
3 0.34375 0.6468750238418579 0.08749999850988388 0.13124999403953552
3 0.53125 0.824999988079071 0.12812499701976776 0.08749999850988388
3 0.567969024181366 0.692969024181366 0.08281199634075165 0.1390630006790161
0 0.5164059996604919 0.7648440003395081 0.07343800365924835 0.0859379991889
0 0.533594012260437 0.2890619933605194 0.07343800365924835 0.07187499850988388
