1 0.4726560115814209 0.31666699051856995 0.09114599972963333 0.21851900219917297
1 0.5502600073814392 0.6407409906387329 0.13697899878025055 0.15185199677944183
1 0.5377600193023682 0.8999999761581421 0.13593700528144836 0.137036994099617
1 0.8020830154418945 0.6875 0.06041700020432472 0.2583329975605011
0 0.5458329916000366 0.14814800024032593 0.0708329975605011 0.11851900070905685
0 0.706250011920929 0.28194400668144226 0.06875000149011612 0.11574099957942963
0 0.5484380125999451 0.40463000535964966 0.06562499701976776 0.10925900191068649
0 0.5963540077209473 0.5592589974403381 0.06145799905061722 0.11111100018024445
0 0.6580730080604553 0.5273150205612183 0.06510400027036667 0.11574099957942963
0 0.8265619874000549 0.33009299635887146 0.06354200094938278 0.10277800261974335
0 0.8411459922790527 0.430092990398407 0.06041700020432472 0.11574099957942963
0 0.8989580273628235 0.4425930082798004 0.05208300054073334 0.12222199887037277
0 0.9289060235023499 0.35416701436042786 0.05677099898457527 0.11388900130987167
0 0.9700520038604736 0.4495370090007782 0.05989599972963333 0.1212960034608841
0 0.8463540077209473 0.7175930142402649 0.05729199945926666 0.09629599750041962
0 0.8533849716186523 0.6041669845581055 0.06406199932098389 0.11203700304031372
0 0.8794270157814026 0.8087959885597229 0.06093699857592583 0.11759299784898758
0 0.6934900283813477 0.8962960243225098 0.07239600270986557 0.11481499671936035
0 0.5234379768371582 0.7458329796791077 0.0697920024394989 0.11388900130987167
0 0.5424479842185974 0.24120399355888367 0.06822899729013443 0.10277800261974335
