6 0.21953099966049194 0.33958300948143005 0.36302098631858826 0.5152779817581177
6 0.7664059996604919 0.25763899087905884 0.45156198740005493 0.35138899087905884
6 0.5799480080604553 0.6333330273628235 0.1265619993209839 0.17083300650119781
6 0.3476560115814209 0.8899310231208801 0.07447899878025055 0.20624999701976776
0 0.27994799613952637 0.3833329975605011 0.05260400101542473 0.0708329975605011
0 0.18671900033950806 0.6312500238418579 0.08697900176048279 0.12361100316047668
0 0.4145829975605011 0.6489580273628235 0.11562500149011612 0.16875000298023224
0 0.6880210041999817 0.5256940126419067 0.13437500596046448 0.1611109972000122
0 0.8377599716186523 0.6333330273628235 0.09322900325059891 0.12361100316047668
0 0.5809900164604187 0.7583330273628235 0.04739600047469139 0.06805600225925446
6 0.5773440003395081 0.30729201436042786 0.3682290017604828 0.1923609972000122
6 0.403905987739563 0.49548599123954773 0.3661459982395172 0.09791699796915054
6 0.1947920024394989 0.7871530055999756 0.15625 0.13680599629878998
6 0.5177080035209656 0.8961809873580933 0.15937499701976776 0.08958300203084946
