0 0.737500011920929 0.19453099370002747 0.08437500149011612 0.08281199634075165
0 0.3648439943790436 0.612500011920929 0.07968699932098389 0.08124999701976776
7 0.5265629887580872 0.41718700528144836 0.09062500298023224 0.09062500298023224
7 0.3046880066394806 0.8671879768371582 0.09687499701976776 0.11874999850988388
1 0.6632810235023499 0.6492189764976501 0.1734369993209839 0.1171879991889
9 0.49531200528144836 0.3218750059604645 0.31562501192092896 0.07500000298023224
9 0.37578099966049194 0.4453119933605194 0.08281199634075165 0.08124999701976776
3 0.39531299471855164 0.5273439884185791 0.078125 0.039062000811100006
3 0.6468750238418579 0.45781299471855164 0.06875000149011612 0.13437500596046448
3 0.724219024181366 0.5007809996604919 0.13593700528144836 0.07656300067901611
