3 0.31406301259994507 0.408594012260437 0.2562499940395355 0.29218700528144836
0 0.15156200528144836 0.5093749761581421 0.07500000298023224 0.06875000149011612
0 0.46796900033950806 0.294530987739563 0.07343800365924835 0.07343800365924835
7 0.59375 0.4257810115814209 0.09687499701976776 0.09531199932098389
7 0.550000011920929 0.546875 0.11562500149011612 0.12812499701976776
8 0.18828099966049194 0.6046879887580872 0.07656300067901611 0.08124999701976776
8 0.26093700528144836 0.611719012260437 0.08437500149011612 0.09218800067901611
8 0.3242189884185791 0.5507810115814209 0.08281199634075165 0.0859379991889
8 0.20937499403953552 0.5390620231628418 0.05937499925494194 0.0625
1 0.37421900033950806 0.32109400629997253 0.12968799471855164 0.09531199932098389
1 0.46953099966049194 0.4312500059604645 0.11406199634075165 0.18125000596046448
3 0.5109379887580872 0.31328099966049194 0.09375 0.12343800067901611
