8 0.642969012260437 0.25 0.08906300365924835 0.10312499850988388
8 0.7078120112419128 0.3710939884185791 0.07500000298023224 0.07656300067901611
8 0.5695310235023499 0.2773439884185791 0.07343800365924835 0.07343800365924835
8 0.6468750238418579 0.44218799471855164 0.09062500298023224 0.08437500149011612
8 0.6210939884185791 0.5921869874000549 0.07968699932098389 0.11249999701976776
8 0.5351560115814209 0.5546879768371582 0.10468800365924835 0.109375
0 0.46015599370002747 0.30390599370002747 0.09218800067901611 0.09531199932098389
0 0.6289060115814209 0.35781198740005493 0.09531199932098389 0.08124999701976776
6 0.6015620231628418 0.521094024181366 0.08124999701976776 0.054687999188899994
6 0.3656249940395355 0.653124988079071 0.078125 0.078125
3 0.32109400629997253 0.4906249940395355 0.10781300067901611 0.16249999403953552
9 0.3632810115814209 0.424219012260437 0.3828119933605194 0.21406200528144836
9 0.6992189884185791 0.6414059996604919 0.1484380066394806 0.3984380066394806
