0 0.40243101119995117 0.33842599391937256 0.1020829975605011 0.09166699647903442
0 0.3604170083999634 0.48750001192092896 0.08888900279998779 0.12685200572013855
0 0.6243060231208801 0.714352011680603 0.09444399923086166 0.13425900042057037
0 0.5496529936790466 0.6212959885597229 0.09236100316047668 0.12962999939918518
0 0.5774310231208801 0.5023149847984314 0.08819399774074554 0.12685200572013855
0 0.6496530175209045 0.43703699111938477 0.09236100316047668 0.13148100674152374
0 0.6614580154418945 0.3217589855194092 0.09375 0.13425900042057037
0 0.7604169845581055 0.29861098527908325 0.09444399923086166 0.11574099957942963
0 0.6975690126419067 0.20046299695968628 0.09930600225925446 0.12314800173044205
0 0.5961809754371643 0.21481500566005707 0.10486099869012833 0.12777799367904663
0 0.5288190245628357 0.3064810037612915 0.10902799665927887 0.12222199887037277
0 0.5062500238418579 0.4277780055999756 0.09444399923086166 0.12037000060081482
1 0.4520829916000366 0.48611098527908325 0.17222200334072113 0.23888899385929108
1 0.7010419964790344 0.4865739941596985 0.14097200334072113 0.2712959945201874
1 0.7704859972000122 0.4842590093612671 0.11458300054073334 0.27592599391937256
