1 0.43368101119995117 0.39027801156044006 0.08402799814939499 0.23981499671936035
1 0.39722201228141785 0.6314809918403625 0.12083300203084946 0.2296299934387207
1 0.5357639789581299 0.5685189962387085 0.1840279996395111 0.1333329975605011
1 0.625 0.44398099184036255 0.12083300203084946 0.23981499671936035
1 0.7496529817581177 0.5425930023193359 0.10347200185060501 0.24814799427986145
0 0.5319439768791199 0.6893519759178162 0.08888900279998779 0.1212960034608841
0 0.731249988079071 0.7023149728775024 0.09027799963951111 0.11018499732017517
0 0.815625011920929 0.4962959885597229 0.08402799814939499 0.12037000060081482
0 0.6781250238418579 0.2634260058403015 0.09097199887037277 0.11203700304031372
0 0.3739579916000366 0.4472219944000244 0.08819399774074554 0.1166670024394989
