6 0.38463500142097473 0.07708299905061722 0.08385399729013443 0.1527779996395111
6 0.5945309996604919 0.34409698843955994 0.27135398983955383 0.27847200632095337
6 0.5598959922790527 0.17986099421977997 0.04479200020432472 0.15694400668144226
6 0.1875 0.37187498807907104 0.2958329916000366 0.19791699945926666
1 0.5572919845581055 0.6454859972000122 0.08020800352096558 0.17152799665927887
1 0.1875 0.6513890027999878 0.078125 0.16249999403953552
1 0.2739579975605011 0.2309029996395111 0.0552080012857914 0.06736099720001221
1 0.6572920083999634 0.43715301156044006 0.04166699945926666 0.0756940022110939
0 0.4312500059604645 0.28923600912094116 0.03437500074505806 0.061806000769138336
0 0.4781250059604645 0.7680559754371643 0.0385419987142086 0.05555599927902222
1 0.390625 0.4243060052394867 0.08020800352096558 0.061110999435186386
1 0.3388020098209381 0.6434029936790466 0.05989599972963333 0.10625000298023224
