6 0.26927098631858826 0.2378470003604889 0.11145800352096558 0.08958300203084946
6 0.6338539719581604 0.21770800650119781 0.11979199945926666 0.40347200632095337
6 0.674219012260437 0.34409698843955994 0.30781200528144836 0.08263900130987167
6 0.4825519919395447 0.5434030294418335 0.10260400176048279 0.1298609972000122
1 0.40546900033950806 0.1947920024394989 0.04114599898457527 0.0756940022110939
1 0.24974000453948975 0.47187501192092896 0.08177100121974945 0.17152799665927887
1 0.6468750238418579 0.6489580273628235 0.08020800352096558 0.1645829975605011
1 0.33411499857902527 0.6635419726371765 0.04843800142407417 0.05902799963951111
0 0.4330730140209198 0.43819400668144226 0.03697900101542473 0.0625
0 0.39869800209999084 0.7638890147209167 0.04322899878025055 0.05000000074505806
1 0.5356770157814026 0.7961810231208801 0.04010400176048279 0.11041700094938278
1 0.7208330035209656 0.5253469944000244 0.04791700094938278 0.10625000298023224
