8 0.763280987739563 0.34062498807907104 0.11406199634075165 0.07500000298023224
8 0.6890630125999451 0.5874999761581421 0.09062500298023224 0.08124999701976776
8 0.512499988079071 0.2750000059604645 0.10312499850988388 0.10312499850988388
8 0.45390599966049194 0.37812501192092896 0.07343800365924835 0.09062500298023224
8 0.3499999940395355 0.38906198740005493 0.09687499701976776 0.0625
8 0.23359400033950806 0.5539060235023499 0.0703120008111 0.06406199932098389
8 0.48124998807907104 0.5382810235023499 0.08124999701976776 0.07656300067901611
1 0.4007810056209564 0.26875001192092896 0.10468800365924835 0.10625000298023224
1 0.4765619933605194 0.5687500238418579 0.08749999850988388 0.07500000298023224
7 0.2773439884185791 0.3531250059604645 0.12968799471855164 0.140625
7 0.5640630125999451 0.33906200528144836 0.10625000298023224 0.10625000298023224
9 0.33906200528144836 0.45781299471855164 0.3843750059604645 0.08124999701976776
9 0.5867189764976501 0.5460940003395081 0.1796880066394806 0.37656301259994507
3 0.34843799471855164 0.7093750238418579 0.15937499701976776 0.109375
