6 0.21354199945926666 0.5274310111999512 0.11041700094938278 0.668749988079071
6 0.3125 0.27465298771858215 0.15104199945926666 0.10347200185060501
6 0.7958329916000366 0.3729169964790344 0.15312500298023224 0.12916700541973114
6 0.728905975818634 0.6503469944000244 0.5015630125999451 0.13263900578022003
6 0.6059899926185608 0.21875 0.21302099525928497 0.3486109972000122
6 0.7484369874000549 0.30069398880004883 0.28645798563957214 0.37083300948143005
6 0.43437498807907104 0.4444440007209778 0.3729169964790344 0.1611109972000122
6 0.8703129887580872 0.5277780294418335 0.12083300203084946 0.06944400072097778
6 0.6776040196418762 0.7871530055999756 0.27708300948143005 0.23958300054073334
6 0.37421900033950806 0.9434030055999756 0.11927100270986557 0.10763899981975555
0 0.4864580035209656 0.21701399981975555 0.03750000149011612 0.05624999850988388
0 0.5807290077209473 0.8010420203208923 0.03437500074505806 0.05347200110554695
1 0.377344012260437 0.5802080035209656 0.08697900176048279 0.17847199738025665
1 0.42890599370002747 0.8420140147209167 0.12031300365924835 0.1381939947605133
6 0.31093698740005493 0.7378469705581665 0.06145799905061722 0.22013899683952332
6 0.734375 0.5451390147209167 0.16145800054073334 0.08888900279998779
