3 0.5796880125999451 0.2070309966802597 0.11874999850988388 0.09843699634075165
8 0.4453119933605194 0.296875 0.06562499701976776 0.06562499701976776
8 0.35859400033950806 0.3382810056209564 0.039062000811100006 0.051562000066041946
8 0.3945310115814209 0.5070310235023499 0.042187999933958054 0.0859379991889
8 0.38593700528144836 0.7124999761581421 0.0625 0.08124999701976776
8 0.596875011920929 0.4742189943790436 0.05312500149011612 0.04843800142407417
8 0.45781299471855164 0.4429689943790436 0.05624999850988388 0.06093699857592583
8 0.6101559996604919 0.37031200528144836 0.07656300067901611 0.05000000074505806
1 0.515625 0.3851560056209564 0.09687499701976776 0.1171879991889
1 0.611719012260437 0.42500001192092896 0.1703130006790161 0.078125
7 0.5554689764976501 0.5304690003395081 0.0859379991889 0.08281199634075165
7 0.46875 0.4429689943790436 0.09375 0.08906300365924835
9 0.32656198740005493 0.45156198740005493 0.2874999940395355 0.16875000298023224
9 0.47968700528144836 0.6234369874000549 0.10000000149011612 0.3031249940395355
