1 0.36536499857902527 0.1225690022110939 0.07760400325059891 0.050693999975919724
1 0.23072899878025055 0.4041669964790344 0.05833299830555916 0.08611100167036057
1 0.36015599966049194 0.37187498807907104 0.04010400176048279 0.05624999850988388
1 0.6244789958000183 0.5961809754371643 0.03229200094938278 0.05902799963951111
1 0.8091149926185608 0.40590301156044006 0.08906300365924835 0.16041700541973114
6 0.37474000453948975 0.18437500298023224 0.07864599674940109 0.15208299458026886
6 0.5973960161209106 0.19201399385929108 0.27708300948143005 0.23263899981975555
6 0.35859400033950806 0.7961810231208801 0.2901040017604828 0.3618060052394867
0 0.45234400033950806 0.37048599123954773 0.04947900027036667 0.06597200036048889
0 0.5385419726371765 0.10486099869012833 0.12291699647903442 0.1527779996395111
0 0.7302079796791077 0.5795140266418457 0.04791700094938278 0.06319399923086166
0 0.6955729722976685 0.4663189947605133 0.03385400027036667 0.049306001514196396
0 0.5546879768371582 0.7256940007209778 0.09375 0.125
0 0.1747400015592575 0.6736109852790833 0.08697900176048279 0.13055600225925446
0 0.09140600264072418 0.49236100912094116 0.12447900325059891 0.16249999403953552
6 0.13750000298023224 0.38680601119995117 0.15520800650119781 0.08472199738025665
6 0.5044270157814026 0.4913190007209778 0.43906301259994507 0.35902801156044006
6 0.6653649806976318 0.5826389789581299 0.0703120008111 0.20833300054073334
