5 0.1154170036315918 0.28580400347709656 0.09083300083875656 0.315326988697052
5 0.7233330011367798 0.7989950180053711 0.1899999976158142 0.21607999503612518
2 0.45583298802375793 0.19912099838256836 0.06333299726247787 0.26256299018859863
2 0.6591669917106628 0.5760049819946289 0.17499999701976776 0.06407000124454498
1 0.5550000071525574 0.14761300384998322 0.14166699349880219 0.1570349931716919
1 0.29499998688697815 0.30213600397109985 0.15000000596046448 0.14949700236320496
1 0.46458300948143005 0.46984899044036865 0.17749999463558197 0.24120600521564484
1 0.49125000834465027 0.293969988822937 0.18583300709724426 0.22110599279403687
2 0.9012500047683716 0.6708539724349976 0.18416699767112732 0.1909549981355667
2 0.5737500190734863 0.3913320004940033 0.19083300232887268 0.30778899788856506
2 0.39125001430511475 0.4830400049686432 0.20749999582767487 0.2123119980096817
2 0.15000000596046448 0.315326988697052 0.06666699796915054 0.29648199677467346
3 0.29041698575019836 0.7041460275650024 0.11583299934864044 0.1846729964017868
3 0.6237499713897705 0.47110599279403687 0.05249999836087227 0.18844200670719147
3 0.40791699290275574 0.6570349931716919 0.12916700541973114 0.14321599900722504
3 0.5879169702529907 0.6344220042228699 0.1441670060157776 0.12562799453735352
4 0.5562499761581421 0.7248740196228027 0.09749999642372131 0.14572900533676147
4 0.7250000238418579 0.40452298521995544 0.09166699647903442 0.14070400595664978
4 0.7124999761581421 0.6664569973945618 0.07166700065135956 0.10929600149393082
4 0.6145830154418945 0.8008790016174316 0.07249999791383743 0.09422100335359573
0 0.5733330249786377 0.8724870085716248 0.05833299830555916 0.09924600273370743
0 0.5466669797897339 0.5244969725608826 0.05999999865889549 0.0866829976439476
1 0.6675000190734863 0.3869349956512451 0.05000000074505806 0.14321599900722504
1 0.47541698813438416 0.690326988697052 0.07249999791383743 0.13693499565124512
