0 0.33515599370002747 0.339352011680603 0.06614600121974945 0.06574100255966187
0 0.33776000142097473 0.40463000535964966 0.07239600270986557 0.05555599927902222
0 0.42604199051856995 0.3222219944000244 0.0708329975605011 0.07592599838972092
0 0.4229170083999634 0.3819440007209778 0.0625 0.06759300082921982
0 0.41328099370002747 0.4314810037612915 0.07135400176048279 0.06481499969959259
0 0.34505200386047363 0.7166669964790344 0.06718699634075165 0.10555599629878998
0 0.5255209803581238 0.5444440245628357 0.0708329975605011 0.1129629984498024
0 0.6171879768371582 0.47777798771858215 0.0697920024394989 0.1129629984498024
0 0.6638020277023315 0.3842589855194092 0.06197899952530861 0.1166670024394989
0 0.7315099835395813 0.49722200632095337 0.06406199932098389 0.10925900191068649
0 0.7856770157814026 0.5578699707984924 0.05989599972963333 0.125
0 0.728905975818634 0.6342589855194092 0.06197899952530861 0.12222199887037277
0 0.6497399806976318 0.6319440007209778 0.06406199932098389 0.1046300008893013
0 0.6710940003395081 0.7361109852790833 0.06197899952530861 0.11851900070905685
0 0.6515629887580872 0.8374999761581421 0.06770800054073334 0.13425900042057037
0 0.5419269800186157 0.8013889789581299 0.0703120008111 0.12314800173044205
0 0.5429689884185791 0.6685190200805664 0.07343800365924835 0.07407400012016296
0 0.44166699051856995 0.8069440126419067 0.06770800054073334 0.08240699768066406
0 0.6651039719581604 0.14583300054073334 0.03125 0.11388900130987167
1 0.7078120112419128 0.1671299934387207 0.12604199349880219 0.11388900130987167
1 0.3375000059604645 0.3800930082798004 0.04791700094938278 0.237963005900383
1 0.40781301259994507 0.41527798771858215 0.05208300054073334 0.22314800322055817
1 0.44322898983955383 0.8263890147209167 0.09583300352096558 0.22870400547981262
