6 0.40989598631858826 0.3388890027999878 0.5 0.125
6 0.5617190003395081 0.4444440007209778 0.4994789958000183 0.07777799665927887
6 0.41614601016044617 0.42569398880004883 0.13437500596046448 0.08749999850988388
6 0.6197919845581055 0.5506939888000488 0.11874999850988388 0.16249999403953552
0 0.3403649926185608 0.42118099331855774 0.03281300142407417 0.04652800038456917
0 0.7257810235023499 0.6236109733581543 0.04010400176048279 0.048611000180244446
6 0.31614598631858826 0.39340299367904663 0.11249999701976776 0.07847200334072113
6 0.22812500596046448 0.5555559992790222 0.22916699945926666 0.43472200632095337
6 0.3369790017604828 0.5843750238418579 0.3364579975605011 0.27013900876045227
6 0.5768229961395264 0.5364580154418945 0.23802100121974945 0.2979170083999634
6 0.675000011920929 0.6336809992790222 0.18125000596046448 0.34930598735809326
6 0.3502599895000458 0.5392360091209412 0.12239599972963333 0.08124999701976776
6 0.19687500596046448 0.7475690245628357 0.13124999403953552 0.15763899683952332
1 0.6054689884185791 0.8767359852790833 0.07864599674940109 0.1645829975605011
1 0.4513019919395447 0.5590280294418335 0.08177100121974945 0.1597220003604889
6 0.41718700528144836 0.4795140027999878 0.15416699647903442 0.11319400370121002
