1 0.46597200632095337 0.3740740120410919 0.12638899683952332 0.2537040114402771
1 0.5253469944000244 0.2009260058403015 0.08680599927902222 0.25185200572013855
1 0.5920140147209167 0.3592590093612671 0.12013900279998779 0.2629629969596863
1 0.699999988079071 0.548147976398468 0.20000000298023224 0.10555599629878998
0 0.4302079975605011 0.14444400370121002 0.09791699796915054 0.1333329975605011
0 0.3975690007209778 0.3763889968395233 0.09513899683952332 0.1212960034608841
0 0.3819440007209778 0.49120399355888367 0.09166699647903442 0.11944399774074554
0 0.4638890027999878 0.5763890147209167 0.10277800261974335 0.09537000209093094
0 0.5354170203208923 0.6541669964790344 0.09722200036048889 0.13240699470043182
0 0.5899310111999512 0.7523149847984314 0.09375 0.1287039965391159
0 0.4447920024394989 0.673147976398468 0.10069400072097778 0.11851900070905685
0 0.6413189768791199 0.4231480062007904 0.09652800112962723 0.12407399713993073
0 0.7076389789581299 0.32870399951934814 0.09583300352096558 0.13888899981975555
0 0.7604169845581055 0.4305559992790222 0.10833299905061722 0.13518500328063965
0 0.8194440007209778 0.336573988199234 0.10277800261974335 0.125
0 0.7565969824790955 0.2310190051794052 0.09930600225925446 0.1212960034608841
0 0.6840280294418335 0.16620400547981262 0.09861099720001221 0.13055600225925446
