9 0.4312500059604645 0.2562499940395355 0.26875001192092896 0.2906250059604645
8 0.26875001192092896 0.21953099966049194 0.06875000149011612 0.0703120008111
8 0.40625 0.357030987739563 0.08437500149011612 0.09531199932098389
8 0.46406200528144836 0.763280987739563 0.09375 0.08281199634075165
8 0.28203099966049194 0.565625011920929 0.08906300365924835 0.07187499850988388
0 0.6109380125999451 0.6789060235023499 0.07187499850988388 0.08281199634075165
0 0.21250000596046448 0.3851560056209564 0.08124999701976776 0.06718699634075165
1 0.6179689764976501 0.4906249940395355 0.1390630006790161 0.17812499403953552
1 0.3343749940395355 0.3695310056209564 0.09687499701976776 0.1421869993209839
9 0.4476560056209564 0.503125011920929 0.0859379991889 0.09375
7 0.39218801259994507 0.5226560235023499 0.11249999701976776 0.12343800067901611
7 0.5640630125999451 0.574999988079071 0.12812499701976776 0.13124999403953552
3 0.39921900629997253 0.6289060115814209 0.14531299471855164 0.07968699932098389
