1 0.7804690003395081 0.6743059754371643 0.12760399281978607 0.11805599927902222
1 0.4127599895000458 0.6111109852790833 0.04114599898457527 0.07361099869012833
0 0.6958330273628235 0.3343749940395355 0.05000000074505806 0.06319399923086166
0 0.7848960161209106 0.41423600912094116 0.08854199945926666 0.12152799963951111
0 0.6414059996604919 0.5746530294418335 0.03802099823951721 0.057638999074697495
0 0.7158849835395813 0.8361110091209412 0.11822900176048279 0.15416699647903442
1 0.4437499940395355 0.7694439888000488 0.07604199647903442 0.08888900279998779
6 0.5874999761581421 0.7416669726371765 0.11458300054073334 0.1875
6 0.33125001192092896 0.40069401264190674 0.125 0.6652780175209045
6 0.5763019919395447 0.48472198843955994 0.1546880006790161 0.1513890027999878
6 0.4825519919395447 0.3090279996395111 0.14427100121974945 0.5013890266418457
6 0.30000001192092896 0.8503469824790955 0.2791669964790344 0.2520830035209656
6 0.675000011920929 0.2427079975605011 0.0625 0.16736100614070892
