9 0.708594024181366 0.46171900629997253 0.09843699634075165 0.3515619933605194
9 0.47187501192092896 0.5718749761581421 0.171875 0.3499999940395355
8 0.5718749761581421 0.24687500298023224 0.09375 0.09375
8 0.23125000298023224 0.6265630125999451 0.09062500298023224 0.10000000149011612
8 0.3343749940395355 0.8132809996604919 0.078125 0.08906300365924835
8 0.44609400629997253 0.807030975818634 0.06406199932098389 0.07968699932098389
7 0.2929689884185791 0.44843700528144836 0.1015620008111 0.09687499701976776
7 0.40546900033950806 0.6015620231628418 0.1015620008111 0.09687499701976776
0 0.525780975818634 0.388280987739563 0.0859379991889 0.09218800067901611
1 0.5625 0.6859369874000549 0.07500000298023224 0.20000000298023224
1 0.6875 0.7335940003395081 0.09687499701976776 0.1015620008111
