5 0.5666670203208923 0.10803999751806259 0.12833300232887268 0.2110549956560135
5 0.35791701078414917 0.48680898547172546 0.07249999791383743 0.30276399850845337
1 0.5708330273628235 0.25188401341438293 0.14333300292491913 0.16708500683307648
1 0.6499999761581421 0.31281399726867676 0.13666699826717377 0.18090499937534332
1 0.5791670083999634 0.5408290028572083 0.17166699469089508 0.24246199429035187
1 0.2933329939842224 0.6005030274391174 0.08166699856519699 0.29145699739456177
4 0.3174999952316284 0.28015100955963135 0.07166700065135956 0.10803999751806259
4 0.6800000071525574 0.6758790016174316 0.09000000357627869 0.14070400595664978
4 0.5416669845581055 0.32412099838256836 0.09666699916124344 0.14321599900722504
4 0.36208298802375793 0.9623119831085205 0.07416699826717377 0.07537700235843658
1 0.21250000596046448 0.6758790016174316 0.07166700065135956 0.13819099962711334
1 0.7900000214576721 0.6758790016174316 0.08333300054073334 0.12060300260782242
0 0.19750000536441803 0.7876880168914795 0.06499999761581421 0.08542700111865997
0 0.24958300590515137 0.5697240233421326 0.0625 0.09422100335359573
3 0.7204170227050781 0.5295230150222778 0.06583300232887268 0.18216100335121155
3 0.6916670203208923 0.3969849944114685 0.12333299964666367 0.12060300260782242
2 0.4629170000553131 0.47047701478004456 0.15916700661182404 0.14949700236320496
2 0.8066669702529907 0.5678390264511108 0.10666699707508087 0.24623100459575653
2 0.5024999976158142 0.48680898547172546 0.18000000715255737 0.18216100335121155
2 0.5112500190734863 0.5301510095596313 0.20416699349880219 0.20351800322532654
2 0.8887500166893005 0.6809049844741821 0.13916699588298798 0.27889400720596313
3 0.7208330035209656 0.7569100260734558 0.13666699826717377 0.1620599925518036
3 0.613332986831665 0.6633170247077942 0.048333000391721725 0.21356800198554993
2 0.35374999046325684 0.7550250291824341 0.10416699945926666 0.37185901403427124
