9 0.53125 0.4742189943790436 0.2718749940395355 0.1953119933605194
9 0.525780975818634 0.596094012260437 0.30781200528144836 0.07968699932098389
3 0.59375 0.2750000059604645 0.06562499701976776 0.125
3 0.357030987739563 0.41718700528144836 0.10781300067901611 0.11249999701976776
8 0.4625000059604645 0.24296900629997253 0.07500000298023224 0.08281199634075165
8 0.49687498807907104 0.3203119933605194 0.08124999701976776 0.078125
8 0.41874998807907104 0.3828119933605194 0.046875 0.05937499925494194
8 0.5328130125999451 0.7273439764976501 0.04374999925494194 0.057812999933958054
8 0.546875 0.625 0.03125 0.02500000037252903
0 0.6015620231628418 0.5351560115814209 0.06875000149011612 0.054687999188899994
0 0.2695310115814209 0.3789060115814209 0.06093699857592583 0.06093699857592583
7 0.25859400629997253 0.450780987739563 0.10781300067901611 0.0859379991889
7 0.24921900033950806 0.5265629887580872 0.11093699932098389 0.109375
1 0.5664060115814209 0.7492190003395081 0.0859379991889 0.12968799471855164
1 0.43437498807907104 0.4312500059604645 0.15000000596046448 0.11562500149011612
