8 0.20078100264072418 0.38749998807907104 0.08281199634075165 0.08437500149011612
8 0.14374999701976776 0.43906301259994507 0.05624999850988388 0.04374999925494194
8 0.3359380066394806 0.7250000238418579 0.08749999850988388 0.05624999850988388
8 0.45234400033950806 0.671875 0.054687999188899994 0.05937499925494194
8 0.5609369874000549 0.627344012260437 0.05624999850988388 0.06406199932098389
7 0.721094012260437 0.4882810115814209 0.0859379991889 0.0859379991889
7 0.3812499940395355 0.42031198740005493 0.109375 0.09062500298023224
1 0.1914059966802597 0.6179689764976501 0.1546880006790161 0.12343800067901611
1 0.33125001192092896 0.6156250238418579 0.10625000298023224 0.109375
1 0.29374998807907104 0.564844012260437 0.05000000074505806 0.1578119993209839
6 0.17656299471855164 0.4804689884185791 0.07500000298023224 0.04531199857592583
3 0.682030975818634 0.43046900629997253 0.10781300067901611 0.1328119933605194
0 0.6476560235023499 0.5687500238418579 0.0703120008111 0.06875000149011612
9 0.5671870112419128 0.5164059996604919 0.20000000298023224 0.26718801259994507
9 0.4726560115814209 0.541405975818634 0.21406200528144836 0.26406198740005493
