1 0.4971350133419037 0.39259299635887146 0.09218800067901611 0.22407400608062744
1 0.5536460280418396 0.6759260296821594 0.12812499701976776 0.2055560052394867
1 0.5419269800186157 0.8768519759178162 0.13489599525928497 0.14814800024032593
1 0.8072919845581055 0.7083330154418945 0.0708329975605011 0.25555598735809326
0 0.5572919845581055 0.1384260058403015 0.04270799830555916 0.125
0 0.5294269919395447 0.25324100255966187 0.06510400027036667 0.11388900130987167
0 0.5765619874000549 0.4000000059604645 0.06458300352096558 0.12222199887037277
0 0.637499988079071 0.37222200632095337 0.06875000149011612 0.12407399713993073
0 0.6708329916000366 0.5162039995193481 0.07291699945926666 0.11759299784898758
0 0.7213540077209473 0.31527799367904663 0.06770800054073334 0.11944399774074554
0 0.7221350073814392 0.1166670024394989 0.06614600121974945 0.1166670024394989
0 0.7533850073814392 0.03796299919486046 0.06093699857592583 0.06666699796915054
0 0.8507810235023499 0.34305599331855774 0.05677099898457527 0.11203700304031372
0 0.90625 0.3462960124015808 0.05937499925494194 0.11111100018024445
0 0.6106770038604736 0.10879600048065186 0.06718699634075165 0.11203700304031372
0 0.833594024181366 0.45509299635887146 0.05989599972963333 0.11388900130987167
0 0.8973960280418396 0.45509299635887146 0.06354200094938278 0.1212960034608841
0 0.955469012260437 0.43333300948143005 0.06822899729013443 0.12407399713993073
0 0.8703129887580872 0.617592990398407 0.06145799905061722 0.11851900070905685
0 0.878125011920929 0.8111109733581543 0.07395800203084946 0.11481499671936035
0 0.8494790196418762 0.7180560231208801 0.0541669987142086 0.10833299905061722
0 0.6934900283813477 0.8930559754371643 0.06510400027036667 0.11759299784898758
0 0.5244789719581604 0.7541670203208923 0.06458300352096558 0.11018499732017517
0 0.5807290077209473 0.5805559754371643 0.05937499925494194 0.11111100018024445
