6 0.43619799613952637 0.09826400130987167 0.49531200528144836 0.15069399774074554
6 0.16875000298023224 0.32048600912094116 0.16041700541973114 0.06736099720001221
6 0.646094024181366 0.26145800948143005 0.30781200528144836 0.07430599629878998
6 0.34453099966049194 0.7111110091209412 0.08906300365924835 0.14722199738025665
6 0.17760400474071503 0.6812499761581421 0.19374999403953552 0.4638890027999878
6 0.6921870112419128 0.6486110091209412 0.12604199349880219 0.17638899385929108
1 0.621874988079071 0.4795140027999878 0.08749999850988388 0.1645829975605011
1 0.5856770277023315 0.8197919726371765 0.03802099823951721 0.05902799963951111
0 0.419530987739563 0.35972198843955994 0.09010399878025055 0.13055600225925446
0 0.2822920083999634 0.5354170203208923 0.11874999850988388 0.1611109972000122
0 0.4127599895000458 0.6475690007209778 0.035937000066041946 0.054861001670360565
0 0.4971350133419037 0.6305559873580933 0.04843800142407417 0.07361099869012833
1 0.5171880125999451 0.4052079916000366 0.078125 0.08263900130987167
