5 0.19625000655651093 0.125 0.07583300024271011 0.24748699367046356
5 0.769582986831665 0.8360549807548523 0.17749999463558197 0.25
2 0.35541701316833496 0.42211100459098816 0.08083300292491913 0.3040199875831604
2 0.6083329916000366 0.2832910120487213 0.07166700065135956 0.30778899788856506
2 0.8762500286102295 0.39321601390838623 0.23749999701976776 0.07286400347948074
2 0.5174999833106995 0.7280150055885315 0.26166701316833496 0.1193469986319542
4 0.5024999976158142 0.2280150055885315 0.09833300113677979 0.13693499565124512
4 0.15458300709724426 0.5646979808807373 0.09916699677705765 0.13944700360298157
4 0.20999999344348907 0.8881909847259521 0.07000000029802322 0.0979899987578392
4 0.3483330011367798 0.852387011051178 0.07500000298023224 0.10929600149393082
1 0.47041699290275574 0.4082910120487213 0.19416700303554535 0.21356800198554993
1 0.29041698575019836 0.8071609735488892 0.11749999970197678 0.22487400472164154
1 0.4170829951763153 0.6896979808807373 0.14749999344348907 0.14572900533676147
1 0.774167001247406 0.6092960238456726 0.08333300054073334 0.2989949882030487
0 0.800000011920929 0.2443470060825348 0.06333299726247787 0.09170900285243988
0 0.6958330273628235 0.5603020191192627 0.06166699901223183 0.08542700111865997
3 0.6737499833106995 0.4736180007457733 0.11749999970197678 0.14321599900722504
3 0.6629170179367065 0.6381909847259521 0.12083300203084946 0.1306529939174652
3 0.5345829725265503 0.5716080069541931 0.09416700154542923 0.19346700608730316
3 0.2633329927921295 0.6319100260734558 0.12999999523162842 0.14070400595664978
2 0.6391670107841492 0.3115580081939697 0.05999999865889549 0.29145699739456177
2 0.42875000834465027 0.565326988697052 0.17249999940395355 0.1356779932975769
1 0.8470829725265503 0.8341709971427917 0.0841670036315918 0.10803999751806259
1 0.6012499928474426 0.5069100260734558 0.05083300173282623 0.13693499565124512
