1 0.2171880006790161 0.583594024181366 0.14374999701976776 0.09843699634075165
1 0.49296900629997253 0.455469012260437 0.1640619933605194 0.1390630006790161
6 0.455469012260437 0.22734400629997253 0.04843800142407417 0.057812999933958054
7 0.40703099966049194 0.29843801259994507 0.1171879991889 0.09375
7 0.439844012260437 0.6992189884185791 0.09843699634075165 0.1015620008111
3 0.19453099370002747 0.3632810115814209 0.1421869993209839 0.1265619993209839
8 0.25 0.46562498807907104 0.06875000149011612 0.06875000149011612
8 0.5460940003395081 0.375 0.06406199932098389 0.05624999850988388
8 0.6187499761581421 0.21250000596046448 0.05624999850988388 0.0625
8 0.671875 0.581250011920929 0.05624999850988388 0.09062500298023224
8 0.549219012260437 0.622655987739563 0.09218800067901611 0.07656300067901611
8 0.44453099370002747 0.5734379887580872 0.051562000066041946 0.09687499701976776
8 0.33515599370002747 0.5664060115814209 0.07656300067901611 0.0859379991889
9 0.6890630125999451 0.37031200528144836 0.25312501192092896 0.2874999940395355
