7 0.564844012260437 0.25078099966049194 0.1015620008111 0.10468800365924835
7 0.6867190003395081 0.541405975818634 0.1015620008111 0.12031300365924835
1 0.4781250059604645 0.29609400033950806 0.12812499701976776 0.09843699634075165
1 0.3984380066394806 0.3125 0.06875000149011612 0.18125000596046448
0 0.47187501192092896 0.6632810235023499 0.06875000149011612 0.07968699932098389
0 0.5851560235023499 0.739844024181366 0.06718699634075165 0.051562000066041946
3 0.6156250238418579 0.7695310115814209 0.13437500596046448 0.12031300365924835
3 0.6171879768371582 0.5820310115814209 0.13437500596046448 0.12031300365924835
3 0.34531301259994507 0.503125011920929 0.140625 0.08124999701976776
9 0.234375 0.37187498807907104 0.28125 0.2562499940395355
9 0.4437499940395355 0.552344024181366 0.3125 0.2015630006790161
