6 0.5432289838790894 0.14756900072097778 0.06770800054073334 0.20624999701976776
6 0.6544269919395447 0.612500011920929 0.06406199932098389 0.20416699349880219
6 0.7294269800186157 0.3572919964790344 0.5046870112419128 0.08124999701976776
1 0.8583329916000366 0.16909700632095337 0.10416699945926666 0.16597199440002441
1 0.36536499857902527 0.5190969705581665 0.11927100270986557 0.1284720003604889
1 0.15052099525928497 0.21805599331855774 0.04479200020432472 0.051389001309871674
1 0.41666701436042786 0.09270799905061722 0.04895799979567528 0.10486099869012833
0 0.20442700386047363 0.328125 0.04427099972963333 0.050693999975919724
0 0.4648439884185791 0.4749999940395355 0.039062000811100006 0.044443998485803604
0 0.607030987739563 0.4722220003604889 0.04947900027036667 0.07222200185060501
0 0.27526000142097473 0.6871529817581177 0.09322900325059891 0.1298609972000122
6 0.44114598631858826 0.7256940007209778 0.1333329975605011 0.16388900578022003
6 0.541405975818634 0.6017360091209412 0.1171879991889 0.10763899981975555
6 0.2221350073814392 0.48159700632095337 0.34531301259994507 0.2715280055999756
6 0.34349000453948975 0.20486100018024445 0.2578119933605194 0.29027798771858215
6 0.7588539719581604 0.5260419845581055 0.109375 0.19791699945926666
0 0.6770830154418945 0.23645800352096558 0.12291699647903442 0.15069399774074554
