9 0.2734380066394806 0.4312500059604645 0.2906250059604645 0.09687499701976776
3 0.5546879768371582 0.18984399735927582 0.10312499850988388 0.09843699634075165
3 0.596875011920929 0.40312498807907104 0.11874999850988388 0.09375
1 0.6499999761581421 0.3179689943790436 0.11562500149011612 0.07968699932098389
7 0.706250011920929 0.6796879768371582 0.08437500149011612 0.08437500149011612
7 0.40703099966049194 0.29374998807907104 0.08906300365924835 0.09062500298023224
7 0.45156198740005493 0.2851560115814209 0.08437500149011612 0.09531199932098389
0 0.42109400033950806 0.6710940003395081 0.07656300067901611 0.07968699932098389
0 0.310155987739563 0.372655987739563 0.06406199932098389 0.06406199932098389
8 0.3968749940395355 0.27656200528144836 0.05312500149011612 0.05937499925494194
