6 0.4559899866580963 0.14444400370121002 0.49427101016044617 0.20000000298023224
6 0.6973959803581238 0.23368099331855774 0.08020800352096558 0.20486100018024445
6 0.21640600264072418 0.4809029996395111 0.16093799471855164 0.10763899981975555
6 0.5307289958000183 0.7861109972000122 0.4197919964790344 0.42500001192092896
0 0.18645800650119781 0.3208329975605011 0.08958300203084946 0.1333329975605011
0 0.2874999940395355 0.6510419845581055 0.12083300203084946 0.1743060052394867
0 0.5494790077209473 0.3416669964790344 0.12187500298023224 0.15555599331855774
0 0.7703120112419128 0.47326400876045227 0.0625 0.07152800261974335
0 0.8192710280418396 0.6732640266418457 0.10416699945926666 0.12708300352096558
6 0.7479169964790344 0.8538190126419067 0.16041700541973114 0.12291699647903442
6 0.47916701436042786 0.3993059992790222 0.15416699647903442 0.11527799814939499
6 0.15546900033950806 0.6881939768791199 0.2026039958000183 0.4541670083999634
6 0.5299479961395264 0.5263890027999878 0.3526040017604828 0.18611100316047668
0 0.5942710041999817 0.8253470063209534 0.05104200169444084 0.07291699945926666
