1 0.2148440033197403 0.4013890027999878 0.11302100121974945 0.15555599331855774
1 0.875 0.6284719705581665 0.13020800054073334 0.13194400072097778
6 0.6278650164604187 0.12569400668144226 0.10572899878025055 0.21805599331855774
6 0.5893229842185974 0.4579859972000122 0.057812999933958054 0.20902800559997559
6 0.6247400045394897 0.3111110031604767 0.4213539958000183 0.41388899087905884
6 0.38098999857902527 0.5947920083999634 0.17656299471855164 0.6479169726371765
6 0.7039059996604919 0.6902779936790466 0.12031300365924835 0.16527800261974335
6 0.7486979961395264 0.637499988079071 0.12343800067901611 0.1694439947605133
6 0.8307290077209473 0.35659700632095337 0.2677080035209656 0.26736098527908325
6 0.35130199790000916 0.4472219944000244 0.1171879991889 0.40555599331855774
6 0.24062499403953552 0.6802080273628235 0.08020800352096558 0.16180600225925446
6 0.6401039958000183 0.8430560231208801 0.33229199051856995 0.2874999940395355
6 0.47578099370002747 0.8100690245628357 0.05364599823951721 0.17847199738025665
6 0.5809900164604187 0.5899310111999512 0.35781198740005493 0.22152799367904663
0 0.5247399806976318 0.4281249940395355 0.03281300142407417 0.050693999975919724
0 0.42031198740005493 0.8048610091209412 0.04166699945926666 0.05000000074505806
