0 0.16588500142097473 0.4916670024394989 0.03802099823951721 0.03333299979567528
0 0.6354169845581055 0.49722200632095337 0.03333299979567528 0.05555599927902222
6 0.3877600133419037 0.36250001192092896 0.3984380066394806 0.4458329975605011
6 0.4325520098209381 0.33194398880004883 0.06510400027036667 0.1875
6 0.3164060115814209 0.3520829975605011 0.11302100121974945 0.18194399774074554
6 0.6757810115814209 0.5996530055999756 0.13802100718021393 0.6506940126419067
1 0.5080729722976685 0.22083300352096558 0.10781300067901611 0.12777799367904663
1 0.49192699790000916 0.768750011920929 0.09218800067901611 0.16249999403953552
6 0.30937498807907104 0.4579859972000122 0.08437500149011612 0.20347200334072113
6 0.6768230199813843 0.7718750238418579 0.12343800067901611 0.15069399774074554
6 0.40312498807907104 0.5378469824790955 0.3614580035209656 0.1743060052394867
6 0.38489601016044617 0.6881939768791199 0.12187500298023224 0.05833299830555916
6 0.5697919726371765 0.27326399087905884 0.2104170024394989 0.3423610031604767
6 0.5401039719581604 0.3857640027999878 0.10833299905061722 0.10763899981975555
6 0.7888020277023315 0.4184029996395111 0.2015630006790161 0.44652798771858215
6 0.7286459803581238 0.6722220182418823 0.2739579975605011 0.2319439947605133
