9 0.575780987739563 0.39765599370002747 0.2171880006790161 0.2265619933605194
9 0.5242189764976501 0.5703120231628418 0.18281200528144836 0.234375
1 0.43593698740005493 0.4921880066394806 0.05624999850988388 0.05937499925494194
1 0.546875 0.6109380125999451 0.06875000149011612 0.10625000298023224
3 0.43437498807907104 0.708594024181366 0.10625000298023224 0.1015620008111
3 0.6499999761581421 0.453125 0.0625 0.08749999850988388
7 0.42500001192092896 0.390625 0.078125 0.07500000298023224
7 0.23749999701976776 0.6054689884185791 0.09375 0.07343800365924835
8 0.16718700528144836 0.607030987739563 0.04062499850988388 0.04843800142407417
8 0.359375 0.49921900033950806 0.05000000074505806 0.035937000066041946
8 0.33671900629997253 0.7078120112419128 0.04531199857592583 0.078125
8 0.28125 0.7140629887580872 0.06875000149011612 0.06875000149011612
8 0.5945309996604919 0.6765620112419128 0.0703120008111 0.06562499701976776
0 0.6031249761581421 0.6164060235023499 0.05000000074505806 0.054687999188899994
0 0.29609400033950806 0.48750001192092896 0.057812999933958054 0.05624999850988388
