0 0.5229169726371765 0.32407400012016296 0.0708329975605011 0.09444399923086166
0 0.5786460041999817 0.21296299993991852 0.07395800203084946 0.07222200185060501
0 0.684374988079071 0.18009300529956818 0.05833299830555916 0.11203700304031372
0 0.747655987739563 0.16249999403953552 0.042187999933958054 0.11388900130987167
0 0.8218749761581421 0.2273149937391281 0.06875000149011612 0.0805559977889061
0 0.840624988079071 0.33472201228141785 0.0385419987142086 0.12314800173044205
0 0.8489580154418945 0.4712960124015808 0.03750000149011612 0.13148100674152374
0 0.862500011920929 0.7324069738388062 0.06458300352096558 0.12037000060081482
0 0.7507809996604919 0.8287039995193481 0.05052100121974945 0.12407399713993073
0 0.5955730080604553 0.5851849913597107 0.06302099674940109 0.11481499671936035
0 0.5018230080604553 0.6879630088806152 0.042187999933958054 0.12407399713993073
0 0.6703119874000549 0.5666670203208923 0.06354200094938278 0.12407399713993073
0 0.6291670203208923 0.35416701436042786 0.06354200094938278 0.12685200572013855
0 0.6916670203208923 0.3078700006008148 0.06770800054073334 0.11759299784898758
0 0.7057290077209473 0.4962959885597229 0.04895799979567528 0.12037000060081482
0 0.7716150283813477 0.5898150205612183 0.06614600121974945 0.08888900279998779
1 0.4731769859790802 0.46805599331855774 0.06718699634075165 0.12685200572013855
1 0.6424480080604553 0.7611110210418701 0.05885399878025055 0.10370399802923203
1 0.7026039958000183 0.6967589855194092 0.05833299830555916 0.09907399863004684
1 0.7817710041999817 0.5569440126419067 0.08854199945926666 0.2509259879589081
