1 0.5005210041999817 0.4699069857597351 0.1322920024394989 0.13055600225925446
1 0.564844012260437 0.305092990398407 0.05364599823951721 0.12314800173044205
1 0.6083329916000366 0.24120399355888367 0.05000000074505806 0.11574099957942963
1 0.7971349954605103 0.5226849913597107 0.09322900325059891 0.2342589944601059
0 0.497655987739563 0.31574100255966187 0.06718699634075165 0.07222200185060501
0 0.5755209922790527 0.18888899683952332 0.0697920024394989 0.07592599838972092
0 0.630469024181366 0.35277798771858215 0.06510400027036667 0.11111100018024445
0 0.6859369874000549 0.1837960034608841 0.05833299830555916 0.11203700304031372
0 0.7502599954605103 0.1611109972000122 0.04947900027036667 0.11851900070905685
0 0.8283849954605103 0.21481500566005707 0.06406199932098389 0.0925929993391037
0 0.9583330154418945 0.2550930082798004 0.06354200094938278 0.1212960034608841
0 0.846094012260437 0.32268500328063965 0.06093699857592583 0.11388900130987167
0 0.8536459803581238 0.43472200632095337 0.046875 0.125
0 0.8911460041999817 0.5430560111999512 0.06666699796915054 0.11574099957942963
0 0.8635420203208923 0.7277780175209045 0.06770800054073334 0.1166670024394989
0 0.7533850073814392 0.8319439888000488 0.05052100121974945 0.125
0 0.5039060115814209 0.6861109733581543 0.04322899878025055 0.12222199887037277
0 0.7257810235023499 0.4546299874782562 0.05572900176048279 0.11851900070905685
0 0.6973959803581238 0.2953700125217438 0.05833299830555916 0.09629599750041962
0 0.705469012260437 0.3337959945201874 0.05989599972963333 0.09907399863004684
0 0.640625 0.5162039995193481 0.05937499925494194 0.11388900130987167
0 0.6231769919395447 0.534259021282196 0.06093699857592583 0.1129629984498024
0 0.5687500238418579 0.5527780055999756 0.06875000149011612 0.06296300143003464
