9 0.419530987739563 0.30546900629997253 0.06406199932098389 0.06406199932098389
9 0.4742189943790436 0.44609400629997253 0.26406198740005493 0.07343800365924835
3 0.546875 0.29765599966049194 0.06875000149011612 0.11406199634075165
3 0.5234379768371582 0.5078120231628418 0.109375 0.05312500149011612
8 0.7960940003395081 0.325780987739563 0.07656300067901611 0.06406199932098389
8 0.328125 0.5203120112419128 0.05000000074505806 0.046875
8 0.26484400033950806 0.7101560235023499 0.04843800142407417 0.051562000066041946
8 0.32109400629997253 0.716405987739563 0.06406199932098389 0.051562000066041946
8 0.3382810056209564 0.7726560235023499 0.04531199857592583 0.07968699932098389
0 0.4726560115814209 0.263280987739563 0.06406199932098389 0.06406199932098389
0 0.3187499940395355 0.48593801259994507 0.046875 0.05624999850988388
7 0.29843801259994507 0.5843750238418579 0.09687499701976776 0.08437500149011612
7 0.4468750059604645 0.7882810235023499 0.07500000298023224 0.1015620008111
1 0.4257810115814209 0.7328119874000549 0.09531199932098389 0.14687499403953552
1 0.3867189884185791 0.557030975818634 0.08906300365924835 0.09218800067901611
