1 0.536719024181366 0.37812501192092896 0.17656299471855164 0.16562500596046448
1 0.455469012260437 0.6203129887580872 0.10468800365924835 0.13750000298023224
6 0.5945309996604919 0.4101560115814209 0.054687999188899994 0.07968699932098389
8 0.31718799471855164 0.6343749761581421 0.0625 0.09687499701976776
8 0.37578099966049194 0.5070310235023499 0.07343800365924835 0.057812999933958054
8 0.5640630125999451 0.5273439884185791 0.08437500149011612 0.1015620008111
0 0.4921880066394806 0.5164059996604919 0.09062500298023224 0.07968699932098389
0 0.38749998807907104 0.41874998807907104 0.09062500298023224 0.09687499701976776
3 0.3671880066394806 0.6242190003395081 0.11562500149011612 0.14531299471855164
3 0.4781250059604645 0.40937501192092896 0.09375 0.15625
9 0.24296900629997253 0.5195310115814209 0.1796880066394806 0.09218800067901611
