1 0.5825520157814026 0.6444439888000488 0.13697899878025055 0.09629599750041962
1 0.7018229961395264 0.29861098527908325 0.07864599674940109 0.22129599750041962
0 0.42942699790000916 0.5638890266418457 0.06510400027036667 0.11851900070905685
0 0.622655987739563 0.49444401264190674 0.06510400027036667 0.10740700364112854
0 0.5549479722976685 0.6398149728775024 0.03697900101542473 0.12037000060081482
0 0.6000000238418579 0.6435189843177795 0.03333299979567528 0.1333329975605011
0 0.4395830035209656 0.41898098587989807 0.06770800054073334 0.08425900340080261
0 0.6156250238418579 0.3740740120410919 0.03125 0.08333300054073334
0 0.7283849716186523 0.46805599331855774 0.07239600270986557 0.11759299784898758
0 0.7731770277023315 0.762499988079071 0.06510400027036667 0.11759299784898758
0 0.8653650283813477 0.4865739941596985 0.07447899878025055 0.13055600225925446
0 0.9442710280418396 0.31574100255966187 0.04270799830555916 0.11851900070905685
0 0.893750011920929 0.15601900219917297 0.05937499925494194 0.11018499732017517
0 0.8507810235023499 0.21666699647903442 0.05989599972963333 0.12407399713993073
0 0.7934899926185608 0.2476850003004074 0.057812999933958054 0.10277800261974335
0 0.8104169964790344 0.33333298563957214 0.06875000149011612 0.10925900191068649
