6 0.603905975818634 0.4007810056209564 0.06406199932098389 0.0859379991889
8 0.30546900629997253 0.640625 0.07343800365924835 0.10000000149011612
8 0.3710939884185791 0.502344012260437 0.07656300067901611 0.06406199932098389
8 0.572655975818634 0.5296869874000549 0.09218800067901611 0.109375
0 0.39531299471855164 0.37421900033950806 0.09375 0.09843699634075165
0 0.49140599370002747 0.5171880125999451 0.08906300365924835 0.09375
1 0.45468801259994507 0.6289060115814209 0.12187500298023224 0.15156200528144836
1 0.5015630125999451 0.34375 0.10000000149011612 0.22187499701976776
3 0.46015599370002747 0.40937501192092896 0.07656300067901611 0.16875000298023224
3 0.36015599966049194 0.6289060115814209 0.12343800067901611 0.1640619933605194
