6 0.4541670083999634 0.09097199887037277 0.15937499701976776 0.08472199738025665
1 0.890625 0.2635419964790344 0.12187500298023224 0.1020829975605011
1 0.607030987739563 0.7954859733581543 0.10260400176048279 0.14930599927902222
6 0.40650999546051025 0.6538190245628357 0.1328119933605194 0.1743060052394867
0 0.3885419964790344 0.32743099331855774 0.1020829975605011 0.11319400370121002
0 0.47473999857902527 0.5149310231208801 0.03177100047469139 0.04791700094938278
0 0.7833330035209656 0.6145830154418945 0.12187500298023224 0.16805599629878998
0 0.8541669845581055 0.4746530055999756 0.0552080012857914 0.0756940022110939
0 0.4541670083999634 0.8684030175209045 0.03750000149011612 0.049306001514196396
1 0.8005210161209106 0.15625 0.04895799979567528 0.10833299905061722
6 0.6244789958000183 0.2743059992790222 0.30937498807907104 0.12222199887037277
6 0.549219012260437 0.5791670083999634 0.10572899878025055 0.07361099869012833
6 0.5838540196418762 0.6017360091209412 0.24687500298023224 0.41180598735809326
6 0.8690099716186523 0.40937501192092896 0.11822900176048279 0.16736100614070892
6 0.4721350073814392 0.40937501192092896 0.4776040017604828 0.22291700541973114
6 0.6776040196418762 0.8211809992790222 0.05104200169444084 0.20486100018024445
1 0.5486980080604553 0.4111109972000122 0.05364599823951721 0.05555599927902222
