9 0.39218801259994507 0.6132810115814209 0.2906250059604645 0.2203119993209839
9 0.43437498807907104 0.49531200528144836 0.08124999701976776 0.08437500149011612
7 0.49921900033950806 0.32656198740005493 0.09531199932098389 0.09687499701976776
7 0.6257809996604919 0.5984370112419128 0.09218800067901611 0.11874999850988388
1 0.40625 0.37343698740005493 0.11874999850988388 0.09687499701976776
1 0.27656200528144836 0.346094012260437 0.07500000298023224 0.07343800365924835
3 0.6031249761581421 0.4257810115814209 0.10625000298023224 0.13593700528144836
3 0.560155987739563 0.6390619874000549 0.13593700528144836 0.11562500149011612
0 0.5585939884185791 0.8109369874000549 0.07656300067901611 0.07500000298023224
0 0.4281249940395355 0.7281249761581421 0.078125 0.078125
