9 0.45390599966049194 0.2382809966802597 0.06406199932098389 0.09843699634075165
9 0.392969012260437 0.34062498807907104 0.054687999188899994 0.08749999850988388
8 0.7898439764976501 0.2867189943790436 0.09843699634075165 0.11406199634075165
8 0.8445309996604919 0.34062498807907104 0.09843699634075165 0.11562500149011612
8 0.7304689884185791 0.5734379887580872 0.07656300067901611 0.11874999850988388
8 0.37656301259994507 0.5164059996604919 0.07500000298023224 0.0859379991889
8 0.39140599966049194 0.2382809966802597 0.08281199634075165 0.0859379991889
0 0.6445310115814209 0.3648439943790436 0.09218800067901611 0.1015620008111
0 0.22812500596046448 0.6875 0.109375 0.11562500149011612
7 0.4648439884185791 0.4101560115814209 0.1328119933605194 0.13593700528144836
7 0.346094012260437 0.6031249761581421 0.1171879991889 0.11874999850988388
9 0.4749999940395355 0.6710940003395081 0.38749998807907104 0.30156299471855164
3 0.650780975818634 0.46406200528144836 0.18281200528144836 0.08749999850988388
