0 0.36979201436042786 0.39131900668144226 0.03333299979567528 0.05208300054073334
0 0.37031200528144836 0.7847219705581665 0.03125 0.051389001309871674
6 0.20494799315929413 0.39618098735809326 0.22343799471855164 0.34375
6 0.3955729901790619 0.24131900072097778 0.11197900027036667 0.13263900578022003
6 0.6057289838790894 0.3885419964790344 0.28437501192092896 0.2520830035209656
6 0.3325519859790802 0.5711809992790222 0.10989599674940109 0.1284720003604889
1 0.737500011920929 0.7222219705581665 0.12187500298023224 0.125
1 0.27421900629997253 0.7836809754371643 0.11927100270986557 0.14930599927902222
1 0.23619799315929413 0.6326389908790588 0.029687000438570976 0.10833299905061722
1 0.5572919845581055 0.6107640266418457 0.04166699945926666 0.06458300352096558
1 0.5072919726371765 0.7906249761581421 0.04374999925494194 0.07152800261974335
1 0.6036459803581238 0.7802079916000366 0.07708299905061722 0.05208300054073334
