8 0.49687498807907104 0.17265599966049194 0.0625 0.0703120008111
8 0.7023440003395081 0.528905987739563 0.06093699857592583 0.06406199932098389
8 0.48359400033950806 0.8078129887580872 0.07656300067901611 0.09687499701976776
8 0.4585939943790436 0.7664059996604919 0.09218800067901611 0.09218800067901611
8 0.3843750059604645 0.8164060115814209 0.05624999850988388 0.10468800365924835
0 0.7460939884185791 0.34453099966049194 0.08281199634075165 0.0859379991889
0 0.43828099966049194 0.6312500238418579 0.07968699932098389 0.078125
0 0.5304690003395081 0.4468750059604645 0.07656300067901611 0.07187499850988388
8 0.3070310056209564 0.42109400033950806 0.07968699932098389 0.0859379991889
7 0.5874999761581421 0.25468799471855164 0.11874999850988388 0.10312499850988388
7 0.42890599370002747 0.2554689943790436 0.09843699634075165 0.09843699634075165
7 0.7359380125999451 0.6078119874000549 0.12812499701976776 0.109375
7 0.510155975818634 0.5328130125999451 0.09843699634075165 0.12187500298023224
1 0.32343700528144836 0.38749998807907104 0.13124999403953552 0.09375
1 0.24062499403953552 0.5859379768371582 0.14374999701976776 0.078125
1 0.4156250059604645 0.692969024181366 0.18437500298023224 0.0703120008111
1 0.564844012260437 0.611719012260437 0.17656299471855164 0.07656300067901611
6 0.7546870112419128 0.4804689884185791 0.05312500149011612 0.06093699857592583
6 0.6414059996604919 0.5375000238418579 0.057812999933958054 0.05312500149011612
3 0.637499988079071 0.4296880066394806 0.10312499850988388 0.14374999701976776
3 0.33906200528144836 0.5664060115814209 0.06875000149011612 0.1484380066394806
9 0.6085940003395081 0.71875 0.1328119933605194 0.17812499403953552
9 0.4468750059604645 0.43593698740005493 0.140625 0.3375000059604645
3 0.3656249940395355 0.747655987739563 0.14687499403953552 0.08281199634075165
