3 0.4492189884185791 0.6203129887580872 0.1578119993209839 0.10625000298023224
7 0.517969012260437 0.33515599370002747 0.12343800067901611 0.10781300067901611
7 0.5921869874000549 0.21015599370002747 0.12812499701976776 0.1328119933605194
1 0.609375 0.6109380125999451 0.09062500298023224 0.19687500596046448
1 0.580469012260437 0.7124999761581421 0.18281200528144836 0.109375
1 0.7664059996604919 0.4726560115814209 0.1015620008111 0.1421869993209839
8 0.5109379887580872 0.28984400629997253 0.05624999850988388 0.057812999933958054
8 0.30156299471855164 0.46718698740005493 0.05000000074505806 0.05937499925494194
8 0.11484400182962418 0.5820310115814209 0.06406199932098389 0.06406199932098389
6 0.3710939884185791 0.40625 0.06093699857592583 0.07187499850988388
9 0.43046900629997253 0.28593799471855164 0.28281301259994507 0.2718749940395355
9 0.48515599966049194 0.471094012260437 0.3359380066394806 0.1734369993209839
