9 0.3554689884185791 0.4453119933605194 0.17656299471855164 0.2874999940395355
9 0.564844012260437 0.5984370112419128 0.1546880006790161 0.3031249940395355
3 0.6945310235023499 0.3375000059604645 0.1328119933605194 0.09687499701976776
3 0.3179689943790436 0.17499999701976776 0.1328119933605194 0.08124999701976776
1 0.3375000059604645 0.2757810056209564 0.08437500149011612 0.1578119993209839
1 0.640625 0.6140620112419128 0.08749999850988388 0.11562500149011612
0 0.47031301259994507 0.341405987739563 0.05624999850988388 0.057812999933958054
0 0.18125000596046448 0.497655987739563 0.06875000149011612 0.07343800365924835
7 0.2539060115814209 0.450780987739563 0.10781300067901611 0.09218800067901611
7 0.4320310056209564 0.5625 0.09531199932098389 0.10000000149011612
8 0.26484400033950806 0.583594024181366 0.04843800142407417 0.057812999933958054
8 0.43281200528144836 0.41093799471855164 0.07500000298023224 0.08437500149011612
8 0.5867189764976501 0.6914060115814209 0.054687999188899994 0.054687999188899994
8 0.5718749761581421 0.7484369874000549 0.08749999850988388 0.08124999701976776
8 0.6468750238418579 0.4960939884185791 0.04374999925494194 0.0859379991889
