0 0.2148440033197403 0.3531250059604645 0.10468800365924835 0.109375
0 0.6789060235023499 0.4414060115814209 0.10781300067901611 0.1015620008111
0 0.6179689764976501 0.5078120231628418 0.0859379991889 0.09062500298023224
7 0.5789059996604919 0.17265599966049194 0.16093799471855164 0.15156200528144836
7 0.5867189764976501 0.3164060115814209 0.1421869993209839 0.1578119993209839
7 0.7507809996604919 0.5718749761581421 0.1328119933605194 0.125
7 0.4781250059604645 0.7828130125999451 0.13750000298023224 0.15312500298023224
1 0.3070310056209564 0.2328130006790161 0.22343799471855164 0.16875000298023224
1 0.502344012260437 0.44609400629997253 0.1796880066394806 0.12031300365924835
1 0.5953130125999451 0.7570310235023499 0.11249999701976776 0.1421869993209839
3 0.2718749940395355 0.466405987739563 0.17812499403953552 0.09218800067901611
3 0.5070310235023499 0.5531250238418579 0.18281200528144836 0.10625000298023224
8 0.23984399437904358 0.646094024181366 0.07968699932098389 0.07968699932098389
8 0.6632810235023499 0.5664060115814209 0.07656300067901611 0.0703120008111
8 0.42343801259994507 0.4632810056209564 0.109375 0.06406199932098389
8 0.2874999940395355 0.5484380125999451 0.109375 0.10000000149011612
8 0.39140599966049194 0.5164059996604919 0.10468800365924835 0.06093699857592583
8 0.5109379887580872 0.49296900629997253 0.09687499701976776 0.054687999188899994
9 0.5851560235023499 0.643750011920929 0.42343801259994507 0.19687500596046448
8 0.3382810056209564 0.6632810235023499 0.11406199634075165 0.12031300365924835
