1 0.6421880125999451 0.6546869874000549 0.171875 0.11562500149011612
0 0.7046880125999451 0.20078100264072418 0.08437500149011612 0.08281199634075165
0 0.34375 0.6234369874000549 0.07500000298023224 0.08124999701976776
3 0.6984379887580872 0.505469024181366 0.13437500596046448 0.07343800365924835
3 0.6203129887580872 0.4648439884185791 0.05937499925494194 0.1328119933605194
3 0.439844012260437 0.4789060056209564 0.1390630006790161 0.10468800365924835
9 0.46718698740005493 0.328125 0.3125 0.07187499850988388
9 0.19843700528144836 0.35234400629997253 0.22187499701976776 0.2734380066394806
7 0.2851560115814209 0.875 0.09843699634075165 0.11249999701976776
7 0.5015630125999451 0.424219012260437 0.09062500298023224 0.08906300365924835
