9 0.677344024181366 0.44062501192092896 0.1015620008111 0.34062498807907104
9 0.4648439884185791 0.6476560235023499 0.30156299471855164 0.25156301259994507
0 0.5109379887580872 0.3320310115814209 0.08749999850988388 0.0859379991889
8 0.32343700528144836 0.45234400033950806 0.06875000149011612 0.06406199932098389
8 0.4320310056209564 0.5578129887580872 0.026561999693512917 0.03750000149011612
8 0.41718700528144836 0.763280987739563 0.05937499925494194 0.06718699634075165
7 0.26406198740005493 0.5843750238418579 0.09687499701976776 0.10000000149011612
7 0.42265599966049194 0.4117189943790436 0.11093699932098389 0.12343800067901611
1 0.5796880125999451 0.502344012260437 0.09062500298023224 0.09843699634075165
1 0.549219012260437 0.619530975818634 0.1390630006790161 0.1640619933605194
3 0.4257810115814209 0.5046870112419128 0.13593700528144836 0.078125
