0 0.2203119993209839 0.46796900033950806 0.07187499850988388 0.06406199932098389
0 0.560155987739563 0.6078119874000549 0.06093699857592583 0.05937499925494194
8 0.31406301259994507 0.3671880066394806 0.046875 0.06562499701976776
8 0.36015599966049194 0.4007810056209564 0.054687999188899994 0.04843800142407417
8 0.53125 0.42343801259994507 0.08124999701976776 0.08437500149011612
8 0.4789060056209564 0.7984380125999451 0.04531199857592583 0.05937499925494194
3 0.5671870112419128 0.32890599966049194 0.05937499925494194 0.12968799471855164
3 0.3203119933605194 0.528905987739563 0.13437500596046448 0.06718699634075165
1 0.4273439943790436 0.43593698740005493 0.16093799471855164 0.11562500149011612
1 0.5062500238418579 0.8289059996604919 0.08749999850988388 0.1390630006790161
7 0.30000001192092896 0.5328130125999451 0.09062500298023224 0.11562500149011612
7 0.48750001192092896 0.5898439884185791 0.09687499701976776 0.09531199932098389
9 0.47968700528144836 0.5249999761581421 0.29374998807907104 0.19062499701976776
9 0.46718698740005493 0.668749988079071 0.31562501192092896 0.08437500149011612
8 0.49687498807907104 0.703125 0.02812499925494194 0.012500000186264515
