6 0.47187501192092896 0.6835939884185791 0.046875 0.07343800365924835
7 0.2460940033197403 0.4609380066394806 0.11406199634075165 0.10625000298023224
7 0.7406250238418579 0.5109379887580872 0.09687499701976776 0.11874999850988388
1 0.510155975818634 0.5 0.12968799471855164 0.109375
1 0.48124998807907104 0.536719024181366 0.15000000596046448 0.14531299471855164
1 0.6414059996604919 0.6156250238418579 0.07656300067901611 0.1875
3 0.47968700528144836 0.771094024181366 0.15000000596046448 0.12343800067901611
8 0.41093799471855164 0.583594024181366 0.08437500149011612 0.07968699932098389
8 0.525780975818634 0.6882809996604919 0.057812999933958054 0.057812999933958054
8 0.7015619874000549 0.33906200528144836 0.078125 0.06875000149011612
8 0.6789060235023499 0.4453119933605194 0.039062000811100006 0.05000000074505806
8 0.6859369874000549 0.4937500059604645 0.05624999850988388 0.05312500149011612
0 0.7203130125999451 0.40625 0.07500000298023224 0.06875000149011612
9 0.614844024181366 0.5070310235023499 0.1390630006790161 0.32968801259994507
9 0.2601560056209564 0.5953130125999451 0.32343700528144836 0.19687500596046448
