9 0.4726560115814209 0.45234400033950806 0.26718801259994507 0.3046880066394806
3 0.35234400629997253 0.4375 0.11093699932098389 0.13437500596046448
3 0.684374988079071 0.357030987739563 0.09062500298023224 0.1328119933605194
0 0.30000001192092896 0.5578129887580872 0.07500000298023224 0.07500000298023224
0 0.640625 0.33515599370002747 0.08124999701976776 0.08281199634075165
8 0.359375 0.588280975818634 0.06562499701976776 0.06406199932098389
8 0.4749999940395355 0.6007810235023499 0.09062500298023224 0.09531199932098389
8 0.41328099370002747 0.666405975818634 0.0859379991889 0.09218800067901611
8 0.33671900629997253 0.6578130125999451 0.0859379991889 0.08124999701976776
7 0.7671880125999451 0.47968700528144836 0.11249999701976776 0.10312499850988388
7 0.721094012260437 0.6007810235023499 0.12343800067901611 0.1328119933605194
1 0.5398439764976501 0.3648439943790436 0.1390630006790161 0.1015620008111
1 0.638280987739563 0.48124998807907104 0.11406199634075165 0.18437500298023224
