3 0.3531250059604645 0.1992190033197403 0.13750000298023224 0.08281199634075165
3 0.2890619933605194 0.6171879768371582 0.125 0.140625
3 0.1703130006790161 0.39218801259994507 0.09687499701976776 0.14374999701976776
8 0.35781198740005493 0.24375000596046448 0.0625 0.04374999925494194
8 0.2757810056209564 0.4023439884185791 0.07968699932098389 0.06406199932098389
8 0.2929689884185791 0.49296900629997253 0.08906300365924835 0.07343800365924835
8 0.1914059966802597 0.6007810235023499 0.07656300067901611 0.09843699634075165
8 0.4273439943790436 0.7101560235023499 0.04531199857592583 0.1015620008111
8 0.37812501192092896 0.7093750238418579 0.0625 0.09375
8 0.39375001192092896 0.778124988079071 0.05624999850988388 0.09687499701976776
8 0.5531250238418579 0.515625 0.06562499701976776 0.05000000074505806
7 0.4882810115814209 0.30781200528144836 0.1015620008111 0.11874999850988388
7 0.565625011920929 0.43593698740005493 0.09375 0.12187500298023224
7 0.5265629887580872 0.8835939764976501 0.125 0.12031300365924835
7 0.637499988079071 0.5671870112419128 0.12187500298023224 0.10625000298023224
7 0.37187498807907104 0.42265599966049194 0.11874999850988388 0.1015620008111
0 0.646094024181366 0.4882810115814209 0.07343800365924835 0.07656300067901611
0 0.3499999940395355 0.6421880125999451 0.078125 0.07500000298023224
0 0.23749999701976776 0.6953120231628418 0.06562499701976776 0.07187499850988388
0 0.2554689943790436 0.862500011920929 0.0859379991889 0.08437500149011612
1 0.28203099966049194 0.5585939884185791 0.1734369993209839 0.12031300365924835
1 0.5484380125999451 0.619530975818634 0.19374999403953552 0.0703120008111
1 0.30546900629997253 0.7484369874000549 0.14531299471855164 0.16562500596046448
1 0.2046869993209839 0.505469024181366 0.09062500298023224 0.08906300365924835
9 0.361719012260437 0.32343700528144836 0.10781300067901611 0.12812499701976776
9 0.43437498807907104 0.596875011920929 0.171875 0.3375000059604645
