6 0.36744800209999084 0.21597200632095337 0.06927099823951721 0.19722199440002441
6 0.37656301259994507 0.45972201228141785 0.06354200094938278 0.1958329975605011
6 0.46796900033950806 0.8298609852790833 0.47239598631858826 0.29305601119995117
6 0.5216150283813477 0.6583330035209656 0.2567709982395172 0.6000000238418579
1 0.2934899926185608 0.2427079975605011 0.09531199932098389 0.15763899683952332
1 0.6989579796791077 0.4749999940395355 0.11458300054073334 0.10000000149011612
6 0.4742189943790436 0.3531250059604645 0.15156200528144836 0.0854170024394989
6 0.5447919964790344 0.6642360091209412 0.07604199647903442 0.19930599629878998
0 0.5164059996604919 0.40104201436042786 0.03697900101542473 0.04374999925494194
0 0.36067700386047363 0.7951390147209167 0.03281300142407417 0.05000000074505806
6 0.2822920083999634 0.47187501192092896 0.23958300054073334 0.42569398880004883
6 0.5484380125999451 0.2704859972000122 0.21458299458026886 0.3340280055999756
6 0.40494799613952637 0.4628469944000244 0.11406199634075165 0.1020829975605011
6 0.5388020277023315 0.5128470063209534 0.07656300067901611 0.15069399774074554
6 0.5632809996604919 0.7444440126419067 0.08697900176048279 0.4083330035209656
6 0.6033849716186523 0.6909719705581665 0.07656300067901611 0.4930559992790222
