0 0.33776000142097473 0.34074100852012634 0.06718699634075165 0.061110999435186386
0 0.33619800209999084 0.4027779996395111 0.06614600121974945 0.06296300143003464
0 0.4153650104999542 0.32036998867988586 0.06302099674940109 0.06296300143003464
0 0.41432300209999084 0.3800930082798004 0.06822899729013443 0.056481000036001205
0 0.41432300209999084 0.42731499671936035 0.06510400027036667 0.05463000014424324
0 0.6223959922790527 0.32268500328063965 0.0385419987142086 0.11388900130987167
0 0.668749988079071 0.3462960124015808 0.06145799905061722 0.12037000060081482
0 0.7341150045394897 0.5013890266418457 0.06197899952530861 0.12685200572013855
0 0.786719024181366 0.5541669726371765 0.057812999933958054 0.11203700304031372
0 0.6776040196418762 0.5402780175209045 0.06041700020432472 0.11203700304031372
0 0.6190099716186523 0.47777798771858215 0.06614600121974945 0.11851900070905685
0 0.525780975818634 0.5453699827194214 0.06822899729013443 0.11481499671936035
0 0.5421879887580872 0.6662039756774902 0.07500000298023224 0.06944400072097778
0 0.5382810235023499 0.798147976398468 0.06614600121974945 0.12962999939918518
0 0.34375 0.714352011680603 0.06562499701976776 0.1009259968996048
0 0.4414060115814209 0.8115739822387695 0.06614600121974945 0.09351900219917297
0 0.6510419845581055 0.8384259939193726 0.06562499701976776 0.11203700304031372
0 0.671875 0.7393519878387451 0.06041700020432472 0.11759299784898758
0 0.7278649806976318 0.632407009601593 0.06822899729013443 0.12222199887037277
0 0.6499999761581421 0.630092978477478 0.06145799905061722 0.10648100078105927
1 0.5731769800186157 0.30972200632095337 0.1265619993209839 0.13981500267982483
1 0.3372400104999542 0.3810189962387085 0.054687999188899994 0.23611100018024445
1 0.44713500142097473 0.8222219944000244 0.09947899729013443 0.21296299993991852
1 0.4096350073814392 0.406480997800827 0.05885399878025055 0.23148100078105927
