6 0.482030987739563 0.22968700528144836 0.06093699857592583 0.09062500298023224
6 0.4335939884185791 0.328125 0.06406199932098389 0.08437500149011612
8 0.42890599370002747 0.2265619933605194 0.057812999933958054 0.06875000149011612
8 0.3375000059604645 0.4789060056209564 0.09687499701976776 0.08906300365924835
8 0.45468801259994507 0.4945310056209564 0.078125 0.06718699634075165
8 0.3531250059604645 0.630469024181366 0.06875000149011612 0.07343800365924835
8 0.328125 0.5406249761581421 0.10312499850988388 0.09375
0 0.278905987739563 0.6632810235023499 0.09531199932098389 0.08906300365924835
0 0.666405975818634 0.346094012260437 0.08281199634075165 0.09843699634075165
3 0.638280987739563 0.41874998807907104 0.16093799471855164 0.12187500298023224
7 0.49531200528144836 0.6546869874000549 0.14687499403953552 0.12187500298023224
7 0.486719012260437 0.5773440003395081 0.11406199634075165 0.11406199634075165
9 0.5898439884185791 0.5085939764976501 0.3046880066394806 0.33281299471855164
