8 0.377344012260437 0.24531200528144836 0.09531199932098389 0.05000000074505806
8 0.48359400033950806 0.31406301259994507 0.06718699634075165 0.08124999701976776
8 0.7328119874000549 0.330469012260437 0.06562499701976776 0.057812999933958054
8 0.642969012260437 0.4124999940395355 0.09531199932098389 0.05000000074505806
8 0.6210939884185791 0.533594012260437 0.06406199932098389 0.06406199932098389
8 0.42343801259994507 0.606249988079071 0.05000000074505806 0.05624999850988388
8 0.48281198740005493 0.677344024181366 0.08124999701976776 0.0859379991889
7 0.5953130125999451 0.3398439884185791 0.12812499701976776 0.11093699932098389
7 0.47343799471855164 0.46796900033950806 0.12187500298023224 0.11093699932098389
3 0.44218799471855164 0.6632810235023499 0.13750000298023224 0.09218800067901611
1 0.6265630125999451 0.4609380066394806 0.1875 0.08437500149011612
1 0.4273439943790436 0.4023439884185791 0.1390630006790161 0.10468800365924835
9 0.2851560115814209 0.3710939884185791 0.33281299471855164 0.20781299471855164
9 0.5554689764976501 0.6937500238418579 0.1171879991889 0.36250001192092896
