1 0.471094012260437 0.24296900629997253 0.12968799471855164 0.10781300067901611
1 0.560155987739563 0.328125 0.13593700528144836 0.16562500596046448
7 0.5843750238418579 0.5085939764976501 0.11562500149011612 0.12343800067901611
7 0.528905987739563 0.622655987739563 0.1015620008111 0.08906300365924835
1 0.45156198740005493 0.4906249940395355 0.06562499701976776 0.06562499701976776
8 0.778905987739563 0.46171900629997253 0.06093699857592583 0.04531199857592583
8 0.45234400033950806 0.37812501192092896 0.06718699634075165 0.07500000298023224
8 0.4179689884185791 0.41093799471855164 0.06718699634075165 0.05937499925494194
8 0.44218799471855164 0.731249988079071 0.05312500149011612 0.05624999850988388
9 0.7015619874000549 0.45390599966049194 0.2718749940395355 0.27968698740005493
9 0.29531198740005493 0.565625011920929 0.18437500298023224 0.3218750059604645
3 0.47031301259994507 0.753125011920929 0.08437500149011612 0.15937499701976776
6 0.578125 0.4312500059604645 0.06875000149011612 0.04062499850988388
