0 0.26692700386047363 0.18680599331855774 0.11927100270986557 0.15833300352096558
0 0.12734399735927582 0.5604169964790344 0.05885399878025055 0.06805600225925446
0 0.4911459982395172 0.515625 0.04895799979567528 0.05347200110554695
0 0.7411460280418396 0.2635419964790344 0.10312499850988388 0.13263900578022003
6 0.6276040077209473 0.109375 0.1333329975605011 0.16875000298023224
6 0.4815100133419037 0.7041670083999634 0.5005210041999817 0.08888900279998779
6 0.8151040077209473 0.5364580154418945 0.17395800352096558 0.39236098527908325
6 0.46718698740005493 0.26736098527908325 0.04895799979567528 0.16388900578022003
6 0.2997399866580963 0.7913190126419067 0.36927101016044617 0.16875000298023224
6 0.41041699051856995 0.4517360031604767 0.05833299830555916 0.20902800559997559
1 0.2026039958000183 0.42118099331855774 0.08229199796915054 0.16180600225925446
1 0.4794270098209381 0.16631899774074554 0.04635399952530861 0.04652800038456917
1 0.6658849716186523 0.48472198843955994 0.04114599898457527 0.1069440022110939
