3 0.6023439764976501 0.1914059966802597 0.09531199932098389 0.1859380006790161
3 0.33515599370002747 0.47187501192092896 0.11406199634075165 0.17812499403953552
1 0.5007809996604919 0.19843700528144836 0.13593700528144836 0.16562500596046448
8 0.6468750238418579 0.34843799471855164 0.07500000298023224 0.08124999701976776
8 0.32109400629997253 0.20390599966049194 0.06718699634075165 0.07343800365924835
8 0.46171900629997253 0.674219012260437 0.10781300067901611 0.1015620008111
9 0.7124999761581421 0.5015630125999451 0.13750000298023224 0.4281249940395355
9 0.41328099370002747 0.4007810056209564 0.40468698740005493 0.2109380066394806
6 0.29531198740005493 0.5585939884185791 0.078125 0.06718699634075165
6 0.533594012260437 0.6671879887580872 0.057812999933958054 0.0625
0 0.515625 0.544530987739563 0.08749999850988388 0.09218800067901611
0 0.392969012260437 0.6078119874000549 0.08281199634075165 0.09687499701976776
7 0.361719012260437 0.27421900629997253 0.1390630006790161 0.1640619933605194
