1 0.3641670048236847 0.30778899788856506 0.18666699528694153 0.2110549956560135
1 0.33125001192092896 0.418969988822937 0.19416700303554535 0.1620599925518036
1 0.5737500190734863 0.6381909847259521 0.09916699677705765 0.21607999503612518
1 0.23333300650119781 0.5383170247077942 0.15166699886322021 0.18216100335121155
5 0.5845829844474792 0.23806500434875488 0.10916700214147568 0.31783899664878845
5 0.6112499833106995 0.5678390264511108 0.10916700214147568 0.2864319980144501
2 0.3066670000553131 0.6061559915542603 0.13833299279212952 0.27010101079940796
2 0.5400000214576721 0.8260049819946289 0.2283329963684082 0.22738699615001678
2 0.7645829916000366 0.691582977771759 0.23250000178813934 0.11683399975299835
2 0.5995830297470093 0.5376880168914795 0.049166999757289886 0.3140699863433838
2 0.5004169940948486 0.4880650043487549 0.1875 0.10175900161266327
2 0.7233330011367798 0.5182160139083862 0.12833300232887268 0.21984900534152985
3 0.4395830035209656 0.5728639960289001 0.1358329951763153 0.1306529939174652
3 0.5266669988632202 0.5785179734230042 0.05000000074505806 0.2173369973897934
3 0.44749999046325684 0.5169600248336792 0.10833299905061722 0.10427100211381912
3 0.5108330249786377 0.4252510070800781 0.12333299964666367 0.1143219992518425
0 0.8262500166893005 0.434673011302948 0.06416700035333633 0.0979899987578392
0 0.6441670060157776 0.5037689805030823 0.05666700005531311 0.09045200049877167
4 0.6862499713897705 0.5847989916801453 0.09416700154542923 0.1419599950313568
4 0.36625000834465027 0.6369349956512451 0.09749999642372131 0.14070400595664978
4 0.47999998927116394 0.7625629901885986 0.0733330026268959 0.10552799701690674
4 0.15458300709724426 0.6821609735488892 0.07750000059604645 0.11557800322771072
1 0.6637499928474426 0.3417089879512787 0.06583300232887268 0.14572900533676147
1 0.6208329796791077 0.3844220042228699 0.06499999761581421 0.12060300260782242
