0 0.43880200386047363 0.40925899147987366 0.06927099823951721 0.1129629984498024
0 0.4302079975605011 0.5657410025596619 0.06354200094938278 0.1166670024394989
0 0.6192709803581238 0.49953699111938477 0.06562499701976776 0.12314800173044205
0 0.5979170203208923 0.3592590093612671 0.06354200094938278 0.11111100018024445
0 0.5546879768371582 0.633795976638794 0.030208000913262367 0.12685200572013855
0 0.5971350073814392 0.6430559754371643 0.03489600121974945 0.12685200572013855
0 0.768750011920929 0.762499988079071 0.07500000298023224 0.11759299784898758
0 0.7273439764976501 0.461573988199234 0.06927099823951721 0.125
0 0.8614580035209656 0.48148098587989807 0.06354200094938278 0.12777799367904663
0 0.9427080154418945 0.3245370090007782 0.04895799979567528 0.12314800173044205
0 0.8924480080604553 0.15786999464035034 0.05885399878025055 0.11759299784898758
0 0.8526039719581604 0.21713000535964966 0.05937499925494194 0.11203700304031372
0 0.796875 0.24444399774074554 0.0625 0.10555599629878998
0 0.810155987739563 0.33009299635887146 0.05989599972963333 0.10277800261974335
0 0.6096349954605103 0.17129600048065186 0.042187999933958054 0.0925929993391037
1 0.6953120231628418 0.29768499732017517 0.0697920024394989 0.2342589944601059
1 0.5809900164604187 0.6449069976806641 0.1328119933605194 0.09722200036048889
