9 0.6359379887580872 0.703125 0.34062498807907104 0.24062499403953552
9 0.3828119933605194 0.42656299471855164 0.3499999940395355 0.203125
6 0.6414059996604919 0.28437501192092896 0.057812999933958054 0.07500000298023224
8 0.7359380125999451 0.4476560056209564 0.07187499850988388 0.0703120008111
8 0.3125 0.580469012260437 0.08749999850988388 0.07656300067901611
8 0.34296900033950806 0.7070310115814209 0.06406199932098389 0.06718699634075165
8 0.22421899437904358 0.6359379887580872 0.057812999933958054 0.0625
1 0.42656299471855164 0.28984400629997253 0.15000000596046448 0.1015620008111
1 0.5617190003395081 0.37968799471855164 0.08906300365924835 0.19687500596046448
1 0.46015599370002747 0.6171879768371582 0.11093699932098389 0.19687500596046448
7 0.3632810115814209 0.6140620112419128 0.10781300067901611 0.12812499701976776
7 0.533594012260437 0.5789059996604919 0.1015620008111 0.1015620008111
3 0.421875 0.762499988079071 0.07500000298023224 0.16562500596046448
