6 0.2934899926185608 0.20972199738025665 0.12343800067901611 0.18055599927902222
1 0.6606770157814026 0.5663189888000488 0.09114599972963333 0.15902799367904663
1 0.27864599227905273 0.3329859972000122 0.05208300054073334 0.049306001514196396
1 0.7471349835395813 0.18368099629878998 0.04010400176048279 0.05347200110554695
1 0.40755200386047363 0.3975690007209778 0.0703120008111 0.07152800261974335
1 0.6263020038604736 0.4472219944000244 0.03385400027036667 0.09444399923086166
0 0.6494789719581604 0.12708300352096558 0.12187500298023224 0.16666699945926666
0 0.43281200528144836 0.203125 0.09062500298023224 0.12291699647903442
0 0.635155975818634 0.3027780055999756 0.03697900101542473 0.04583299905061722
0 0.34791699051856995 0.2753469944000244 0.04895799979567528 0.07013899832963943
0 0.2309899926185608 0.4579859972000122 0.12031300365924835 0.15347200632095337
0 0.5395830273628235 0.4927079975605011 0.04791700094938278 0.06736099720001221
0 0.346094012260437 0.6954860091209412 0.08906300365924835 0.12291699647903442
6 0.6377599835395813 0.37673598527908325 0.06510400027036667 0.15763899683952332
6 0.3950519859790802 0.53125 0.29218700528144836 0.19305600225925446
6 0.15885399281978607 0.5590280294418335 0.2260420024394989 0.43472200632095337
6 0.5640630125999451 0.7628470063209534 0.42708298563957214 0.4048610031604767
6 0.5223960280418396 0.2729170024394989 0.15104199945926666 0.06944400072097778
