6 0.3895829916000366 0.08229199796915054 0.5072919726371765 0.09097199887037277
6 0.29661500453948975 0.43194401264190674 0.15156200528144836 0.10555599629878998
6 0.22369800508022308 0.24687500298023224 0.039062000811100006 0.16597199440002441
6 0.20807300508022308 0.6180559992790222 0.2901040017604828 0.36944401264190674
6 0.48307299613952637 0.7315970063209534 0.31510400772094727 0.07013899832963943
0 0.10833299905061722 0.23055599629878998 0.125 0.17499999701976776
0 0.34453099966049194 0.21979199349880219 0.03802099823951721 0.045138999819755554
0 0.5898439884185791 0.30972200632095337 0.11093699932098389 0.1611109972000122
0 0.27760401368141174 0.29131901264190674 0.05624999850988388 0.07847200334072113
0 0.1166670024394989 0.6697919964790344 0.05312500149011612 0.07708299905061722
0 0.05677099898457527 0.7909719944000244 0.09687499701976776 0.125
0 0.42552098631858826 0.8684030175209045 0.09895800054073334 0.12569400668144226
1 0.24348999559879303 0.9163190126419067 0.0859379991889 0.061806000769138336
1 0.39921900629997253 0.48020800948143005 0.07447899878025055 0.07708299905061722
1 0.07395800203084946 0.5836809873580933 0.04166699945926666 0.06319399923086166
1 0.26927098631858826 0.5788189768791199 0.04583299905061722 0.06597200036048889
1 0.15989600121974945 0.7732639908790588 0.10833299905061722 0.1479170024394989
6 0.44739601016044617 0.30000001192092896 0.05937499925494194 0.2222220003604889
