0 0.4395830035209656 0.4087960124015808 0.0708329975605011 0.11203700304031372
0 0.43229201436042786 0.5685189962387085 0.06354200094938278 0.11481499671936035
0 0.5976560115814209 0.35879600048065186 0.06302099674940109 0.11388900130987167
0 0.6200519800186157 0.4902780055999756 0.06302099674940109 0.1212960034608841
0 0.7257810235023499 0.5027779936790466 0.06718699634075165 0.12222199887037277
0 0.7697920203208923 0.7648149728775024 0.06041700020432472 0.12222199887037277
0 0.8434900045394897 0.49583300948143005 0.06718699634075165 0.11574099957942963
0 0.7953119874000549 0.3499999940395355 0.0541669987142086 0.10925900191068649
0 0.8013020157814026 0.24027800559997559 0.05885399878025055 0.10648100078105927
0 0.8523439764976501 0.21944400668144226 0.05572900176048279 0.12222199887037277
0 0.8940100073814392 0.15555599331855774 0.057812999933958054 0.1166670024394989
0 0.9442710280418396 0.319907009601593 0.0395830012857914 0.11944399774074554
0 0.8359379768371582 0.05694400146603584 0.06041700020432472 0.1009259968996048
0 0.6257809996604919 0.06342600286006927 0.07760400325059891 0.06944400072097778
0 0.609375 0.034258998930454254 0.06562499701976776 0.06666699796915054
0 0.5513020157814026 0.6509259939193726 0.03281300142407417 0.1129629984498024
0 0.6057289838790894 0.6111109852790833 0.019791999831795692 0.06296300143003464
1 0.7458329796791077 0.2912040054798126 0.05729199945926666 0.23611100018024445
1 0.6260420083999634 0.07592599838972092 0.06354200094938278 0.15000000596046448
1 0.5828120112419128 0.6513890027999878 0.13854199647903442 0.09722200036048889
1 0.872655987739563 0.6263890266418457 0.06302099674940109 0.17499999701976776
0 0.8864579796791077 0.7458329796791077 0.06875000149011612 0.06944400072097778
