8 0.38984400033950806 0.21796900033950806 0.08281199634075165 0.04531199857592583
8 0.45156198740005493 0.20234400033950806 0.05937499925494194 0.07343800365924835
8 0.668749988079071 0.5578129887580872 0.07500000298023224 0.06562499701976776
8 0.6328120231628418 0.3398439884185791 0.06562499701976776 0.04843800142407417
8 0.2851560115814209 0.5976560115814209 0.04531199857592583 0.06406199932098389
8 0.3375000059604645 0.6265630125999451 0.08124999701976776 0.07187499850988388
8 0.35234400629997253 0.697655975818634 0.06718699634075165 0.07656300067901611
9 0.267969012260437 0.3648439943790436 0.28593799471855164 0.1796880066394806
9 0.544530987739563 0.6601560115814209 0.10781300067901611 0.30781200528144836
7 0.5226560235023499 0.2757810056209564 0.08281199634075165 0.08281199634075165
7 0.44453099370002747 0.48359400033950806 0.10781300067901611 0.09531199932098389
1 0.5695310235023499 0.47343799471855164 0.15156200528144836 0.06875000149011612
1 0.4000000059604645 0.41093799471855164 0.12187500298023224 0.08749999850988388
3 0.35781198740005493 0.5546879768371582 0.125 0.10312499850988388
