8 0.6210939884185791 0.21796900033950806 0.0703120008111 0.08281199634075165
8 0.637499988079071 0.40312498807907104 0.05312500149011612 0.0625
8 0.49531200528144836 0.6000000238418579 0.06875000149011612 0.08124999701976776
8 0.15625 0.4179689884185791 0.05937499925494194 0.057812999933958054
8 0.21796900033950806 0.497655987739563 0.08281199634075165 0.07343800365924835
3 0.5867189764976501 0.3203119933605194 0.0859379991889 0.125
3 0.252344012260437 0.4124999940395355 0.08281199634075165 0.13437500596046448
7 0.4804689884185791 0.328125 0.11406199634075165 0.10312499850988388
7 0.4179689884185791 0.5773440003395081 0.09218800067901611 0.06406199932098389
1 0.5554689764976501 0.45390599966049194 0.15156200528144836 0.1015620008111
1 0.590624988079071 0.6187499761581421 0.09062500298023224 0.125
0 0.310155987739563 0.5429689884185791 0.06093699857592583 0.06406199932098389
0 0.6601560115814209 0.5695310235023499 0.06718699634075165 0.06718699634075165
9 0.6804689764976501 0.4749999940395355 0.24531200528144836 0.22812500596046448
9 0.4570310115814209 0.525780975818634 0.3203119933605194 0.07656300067901611
