0 0.33619800209999084 0.3398149907588959 0.06822899729013443 0.053704001009464264
0 0.3388020098209381 0.401852011680603 0.06510400027036667 0.05925900116562843
0 0.41770800948143005 0.3194440007209778 0.06875000149011612 0.053704001009464264
0 0.4153650104999542 0.38055598735809326 0.06406199932098389 0.05555599927902222
0 0.4140619933605194 0.4305559992790222 0.06875000149011612 0.04814799875020981
0 0.34453099966049194 0.714352011680603 0.06302099674940109 0.10648100078105927
0 0.517969012260437 0.4101850092411041 0.07135400176048279 0.10925900191068649
0 0.6380209922790527 0.29861098527908325 0.06562499701976776 0.11203700304031372
0 0.6372399926185608 0.4282410144805908 0.06927099823951721 0.11203700304031372
0 0.6992189884185791 0.4124999940395355 0.06093699857592583 0.11203700304031372
0 0.7494789958000183 0.4879629909992218 0.05833299830555916 0.12037000060081482
0 0.6721349954605103 0.5115739703178406 0.06718699634075165 0.10648100078105927
0 0.65625 0.6171299815177917 0.06562499701976776 0.11203700304031372
0 0.7260419726371765 0.630092978477478 0.06770800054073334 0.125
0 0.6747400164604187 0.7407410144805908 0.06406199932098389 0.11481499671936035
0 0.6520829796791077 0.8356480002403259 0.06354200094938278 0.13240699470043182
0 0.5424479842185974 0.6689810156822205 0.07239600270986557 0.08611100167036057
0 0.5299479961395264 0.5231480002403259 0.06197899952530861 0.1166670024394989
0 0.5398439764976501 0.7967590093612671 0.07343800365924835 0.10833299905061722
0 0.4419269859790802 0.8106480240821838 0.07656300067901611 0.07685200124979019
1 0.33411499857902527 0.3879629969596863 0.04843800142407417 0.24074099957942963
1 0.41223999857902527 0.3976849913597107 0.06093699857592583 0.2546299993991852
1 0.5528650283813477 0.32268500328063965 0.10468800365924835 0.19722199440002441
1 0.44791701436042786 0.8162040114402771 0.10520800203084946 0.2175929993391037
