1 0.471094012260437 0.3687500059604645 0.1265619993209839 0.17499999701976776
1 0.6312500238418579 0.7281249761581421 0.125 0.140625
8 0.596094012260437 0.22890600562095642 0.09531199932098389 0.09531199932098389
8 0.4765619933605194 0.528905987739563 0.0625 0.06093699857592583
8 0.3984380066394806 0.6109380125999451 0.08749999850988388 0.10000000149011612
8 0.5249999761581421 0.565625011920929 0.05000000074505806 0.046875
8 0.5382810235023499 0.7749999761581421 0.054687999188899994 0.05000000074505806
3 0.5765619874000549 0.39531299471855164 0.14687499403953552 0.08437500149011612
3 0.564844012260437 0.5867189764976501 0.13593700528144836 0.1265619993209839
0 0.2070309966802597 0.390625 0.0859379991889 0.08437500149011612
0 0.5351560115814209 0.46562498807907104 0.0703120008111 0.06562499701976776
7 0.359375 0.5539060235023499 0.11874999850988388 0.10468800365924835
7 0.375 0.6164060235023499 0.09375 0.11406199634075165
9 0.403905987739563 0.33125001192092896 0.27968698740005493 0.26875001192092896
9 0.388280987739563 0.739844024181366 0.33906200528144836 0.12343800067901611
