8 0.4937500059604645 0.2046869993209839 0.05624999850988388 0.05937499925494194
8 0.666405975818634 0.48515599966049194 0.054687999188899994 0.057812999933958054
8 0.46875 0.7304689884185791 0.07187499850988388 0.07656300067901611
8 0.25 0.6101559996604919 0.078125 0.06718699634075165
8 0.42031198740005493 0.7851560115814209 0.05312500149011612 0.0859379991889
8 0.49140599370002747 0.7703120112419128 0.057812999933958054 0.08437500149011612
8 0.328125 0.375 0.07187499850988388 0.07500000298023224
8 0.28984400629997253 0.4632810056209564 0.06093699857592583 0.07343800365924835
0 0.7195309996604919 0.3492189943790436 0.07343800365924835 0.07656300067901611
0 0.5421879887580872 0.42109400033950806 0.05937499925494194 0.057812999933958054
0 0.45156198740005493 0.6140620112419128 0.07187499850988388 0.07187499850988388
0 0.29374998807907104 0.671875 0.0625 0.06875000149011612
3 0.13828100264072418 0.49531200528144836 0.09843699634075165 0.12812499701976776
3 0.33906200528144836 0.497655987739563 0.07187499850988388 0.12968799471855164
7 0.4296880066394806 0.28046900033950806 0.09062500298023224 0.08281199634075165
7 0.5734379887580872 0.28593799471855164 0.10625000298023224 0.09062500298023224
7 0.6007810235023499 0.38749998807907104 0.10781300067901611 0.11249999701976776
7 0.5562499761581421 0.5226560235023499 0.10625000298023224 0.11406199634075165
7 0.71875 0.583594024181366 0.11874999850988388 0.1015620008111
3 0.38203099370002747 0.7101560235023499 0.1265619993209839 0.06406199932098389
1 0.40937501192092896 0.6609370112419128 0.16562500596046448 0.0625
1 0.26640599966049194 0.550000011920929 0.09531199932098389 0.10312499850988388
1 0.2382809966802597 0.4960939884185791 0.08281199634075165 0.07968699932098389
1 0.565625011920929 0.591405987739563 0.16875000298023224 0.06406199932098389
9 0.45156198740005493 0.43671900033950806 0.11874999850988388 0.29843801259994507
9 0.611719012260437 0.6859369874000549 0.12031300365924835 0.13124999403953552
