9 0.6609370112419128 0.5195310115814209 0.13750000298023224 0.3203119933605194
9 0.3843750059604645 0.575780987739563 0.21562500298023224 0.29531198740005493
7 0.330469012260437 0.2890619933605194 0.1015620008111 0.11249999701976776
7 0.39921900629997253 0.30156299471855164 0.08906300365924835 0.08749999850988388
1 0.421875 0.388280987739563 0.12187500298023224 0.10468800365924835
1 0.512499988079071 0.43437498807907104 0.06562499701976776 0.06562499701976776
3 0.603905975818634 0.48124998807907104 0.08906300365924835 0.12187500298023224
6 0.47968700528144836 0.591405987739563 0.05624999850988388 0.06406199932098389
8 0.44218799471855164 0.47578099370002747 0.08749999850988388 0.0859379991889
8 0.580469012260437 0.4164060056209564 0.057812999933958054 0.04843800142407417
8 0.564844012260437 0.4749999940395355 0.07343800365924835 0.08437500149011612
8 0.48515599966049194 0.5304690003395081 0.07968699932098389 0.051562000066041946
8 0.5453119874000549 0.5703120231628418 0.05937499925494194 0.09062500298023224
8 0.5085939764976501 0.658594012260437 0.057812999933958054 0.057812999933958054
8 0.5796880125999451 0.706250011920929 0.046875 0.0625
